31-12-2016 6.0 80.7 1.0 10.8 0.2
30-12-2016 7.7 78.8 1.3 11.0 0.2
29-12-2016 8.8 77.9 1.3 10.6 0.2
28-12-2016 8.0 81.0 0.7 8.3 0.0
27-12-2016 8.1 79.7 0.9 10.5 0.2
26-12-2016 8.4 80.5 1.2 10.8 0.2
25-12-2016 9.1 80.6 1.4 10.8 0.4
24-12-2016 9.3 80.7 1.2 10.5 0.0
23-12-2016 8.9 78.5 1.0 10.4 0.2
22-12-2016 8.4 80.0 1.3 9.8 0.0
21-12-2016 7.3 81.6 0.8 9.7 0.2
20-12-2016 7.7 83.6 0.7 9.7 0.2
19-12-2016 10.4 75.7 1.1 6.6 0.0
18-12-2016 11.5 66.5 2.2 4.6 0.0
17-12-2016 10.3 78.3 2.0 4.3 0.0
16-12-2016 9.7 87.7 1.2 6.1 10.8
15-12-2016 10.1 89.1 1.0 4.8 0.0
14-12-2016 10.0 85.2 1.5 2.2 15.6
13-12-2016 9.4 85.4 0.9 9.3 0.2
12-12-2016 10.0 83.9 0.8 10.5 0.2
11-12-2016 10.6 84.8 0.8 10.4 0.2
10-12-2016 11.5 82.4 1.0 10.3 0.2
09-12-2016 12.0 75.9 1.5 10.6 0.2
08-12-2016 11.3 77.9 1.6 10.1 0.2
07-12-2016 12.0 82.6 1.1 9.7 0.2
06-12-2016 13.5 82.3 1.1 10.6 0.2
05-12-2016 14.7 77.2 1.3 10.3 0.2
04-12-2016 14.4 87.5 1.4 6.9 3.8
03-12-2016 13.5 84.4 1.6 3.5 7.2
02-12-2016 14.2 85.4 1.2 9.4 2.6
01-12-2016 14.1 78.9 1.0 5.8 1.2
30-11-2016 13.2 71.0 1.8 8.9 0.2
29-11-2016 11.5 83.8 1.4 10.2 0.0
28-11-2016 11.7 84.9 1.0 6.2 0.0
27-11-2016 12.1 87.1 1.3 5.3 0.8
26-11-2016 12.2 89.1 1.7 4.3 11.4
25-11-2016 9.9 86.7 2.1 3.9 22.2
24-11-2016 8.8 81.5 1.2 10.6 0.0
23-11-2016 11.0 80.9 1.7 10.9 0.2
22-11-2016 12.5 87.4 0.8 4.6 20.6
21-11-2016 15.3 88.4 3.5 3.0 50.2
20-11-2016 11.8 90.4 2.0 1.5 6.8
19-11-2016 12.0 76.1 0.8 12.0 0.0
18-11-2016 11.3 70.9 0.8 11.8 0.0
17-11-2016 10.4 68.7 0.8 12.6 0.0
16-11-2016 11.3 62.0 1.3 13.2 0.0
15-11-2016 12.0 61.4 1.7 13.1 0.0
14-11-2016 12.7 68.5 1.7 13.1 0.2
13-11-2016 13.1 78.7 0.8 11.8 0.0
12-11-2016 10.6 82.9 0.7 11.1 0.2
11-11-2016 10.0 85.0 0.9 12.8 0.2
10-11-2016 11.8 87.1 0.6 10.3 0.0
09-11-2016 10.2 84.8 0.9 4.8 2.4
08-11-2016 8.4 76.6 0.8 14.0 0.0
07-11-2016 9.9 68.9 1.3 13.8 0.2
06-11-2016 12.2 75.2 1.6 13.1 0.0
05-11-2016 16.7 87.2 2.4 6.9 26.0
04-11-2016 18.5 73.1 1.7 5.6 0.6
03-11-2016 18.4 65.6 1.4 10.8 0.0
02-11-2016 17.6 66.6 1.2 13.5 0.0
01-11-2016 16.6 65.3 1.8 11.7 0.0
31-10-2016 16.3 63.4 1.1 15.2 0.0
30-10-2016 16.7 66.7 0.9 15.5 0.2
29-10-2016 18.7 72.3 0.9 14.8 0.0
28-10-2016 20.3 74.8 0.9 12.8 0.0
27-10-2016 21.8 71.1 1.1 11.9 0.2
26-10-2016 21.8 75.9 1.0 14.0 0.0
25-10-2016 19.4 79.1 1.0 10.3 0.0
24-10-2016 16.4 83.0 2.0 10.1 11.8
23-10-2016 16.3 88.4 2.1 3.0 29.2
22-10-2016 18.1 85.3 1.1 3.0 16.0
21-10-2016 19.7 72.0 0.9 10.7 0.0
20-10-2016 20.7 69.5 0.8 13.2 0.0
19-10-2016 21.7 63.7 0.8 11.0 0.2
18-10-2016 20.5 63.8 0.9 11.5 0.0
17-10-2016 18.3 71.1 0.7 12.5 0.0
16-10-2016 18.5 64.8 1.0 16.2 0.0
15-10-2016 16.4 69.9 1.1 17.4 0.2
14-10-2016 17.1 71.7 1.7 14.8 0.0
13-10-2016 17.0 78.3 2.3 11.9 6.0
12-10-2016 16.6 80.6 1.9 3.9 20.0
11-10-2016 18.0 67.1 1.9 13.1 0.0
10-10-2016 18.6 56.4 1.5 17.5 0.2
09-10-2016 19.5 51.8 1.7 18.2 0.0
08-10-2016 21.4 46.4 1.3 17.3 0.0
07-10-2016 21.6 52.9 1.1 17.8 0.0
06-10-2016 22.8 51.8 1.2 18.0 0.0
05-10-2016 23.3 44.0 1.4 18.2 0.0
04-10-2016 23.0 41.6 1.0 18.4 0.0
03-10-2016 22.6 43.5 1.5 19.3 0.0
02-10-2016 22.1 52.2 1.1 19.3 0.0
01-10-2016 22.8 46.2 1.3 19.4 0.0
30-09-2016 22.7 44.9 1.3 20.2 0.0
29-09-2016 24.2 40.9 2.6 20.0 0.0
28-09-2016 24.1 45.2 1.8 18.8 0.0
27-09-2016 25.0 40.2 1.3 20.5 0.0
26-09-2016 25.4 36.2 1.1 19.0 0.0
25-09-2016 23.1 46.2 0.8 18.5 0.0
24-09-2016 23.2 46.3 0.9 20.8 0.0
23-09-2016 21.9 58.2 1.1 20.5 0.0
22-09-2016 21.7 58.8 2.6 20.9 0.0
21-09-2016 22.5 43.4 1.7 21.9 0.0
20-09-2016 23.7 53.6 2.5 20.0 0.0
19-09-2016 23.1 40.1 2.4 19.0 0.0
18-09-2016 24.4 33.7 1.7 22.6 0.0
17-09-2016 23.9 38.6 1.4 23.0 0.0
16-09-2016 20.6 49.9 1.4 22.9 0.0
15-09-2016 18.6 49.0 1.6 20.0 0.0
14-09-2016 18.6 51.0 2.0 18.3 0.0
13-09-2016 21.9 68.0 3.2 12.9 3.0
12-09-2016 27.1 51.4 2.7 22.2 0.0
11-09-2016 26.4 40.7 1.4 22.4 0.0
10-09-2016 24.9 41.6 1.3 23.6 0.0
09-09-2016 24.7 41.2 1.8 21.0 0.0
08-09-2016 26.9 50.4 2.5 21.8 0.0
07-09-2016 29.8 34.7 2.5 21.8 0.0
06-09-2016 32.0 27.1 1.8 22.4 0.0
05-09-2016 30.4 29.6 0.9 22.9 0.0
04-09-2016 30.3 31.6 1.1 23.0 0.0
03-09-2016 29.2 38.0 1.0 21.9 0.0
02-09-2016 28.1 46.6 1.0 23.6 0.0
01-09-2016 27.3 45.3 1.3 23.5 0.0
31-08-2016 24.7 47.8 1.5 23.8 0.0
30-08-2016 26.9 35.3 2.0 24.6 0.0
29-08-2016 27.9 42.8 1.3 24.7 0.0
28-08-2016 29.8 38.4 1.6 22.9 0.0
27-08-2016 30.0 39.2 1.3 23.0 0.0
26-08-2016 28.3 42.7 1.3 21.2 0.0
25-08-2016 27.7 40.8 1.3 24.9 0.0
24-08-2016 27.9 46.6 1.5 26.0 0.0
23-08-2016 29.3 42.9 1.3 25.4 0.0
22-08-2016 29.2 52.1 1.5 25.2 0.0
21-08-2016 27.8 38.7 1.2 26.3 0.0
20-08-2016 28.5 42.2 1.7 26.1 0.0
19-08-2016 27.5 41.9 1.7 26.4 0.0
18-08-2016 29.0 40.9 1.8 26.2 0.0
17-08-2016 27.7 43.2 1.6 25.6 0.0
16-08-2016 29.5 41.3 2.3 24.6 0.2
15-08-2016 28.0 45.3 1.7 18.8 0.0
14-08-2016 27.7 46.7 1.6 25.1 0.0
13-08-2016 27.9 42.1 1.5 26.8 0.0
12-08-2016 27.8 45.2 1.8 26.9 0.0
11-08-2016 28.0 40.9 1.6 26.6 0.0
10-08-2016 27.6 43.5 2.0 25.7 0.0
09-08-2016 29.0 31.7 1.9 27.4 0.0
08-08-2016 28.6 40.3 1.7 28.1 0.0
07-08-2016 29.5 40.2 1.8 27.4 0.0
06-08-2016 30.4 43.3 1.5 27.0 0.0
05-08-2016 30.7 37.0 1.8 27.9 0.0
04-08-2016 29.8 38.7 2.0 27.5 0.0
03-08-2016 29.4 43.7 2.0 28.2 0.0
02-08-2016 29.2 38.4 1.4 27.9 0.0
01-08-2016 28.8 34.7 1.3 29.6 0.0
31-07-2016 28.6 41.1 2.0 27.8 0.0
30-07-2016 27.2 51.0 2.8 26.7 0.0
29-07-2016 29.9 41.9 2.2 26.4 0.0
28-07-2016 29.7 39.5 1.6 28.2 0.0
27-07-2016 29.2 38.6 2.2 27.9 0.0
26-07-2016 30.6 30.5 1.6 28.9 0.0
25-07-2016 29.7 34.7 1.3 28.7 0.0
24-07-2016 29.7 42.2 1.5 28.3 0.0
23-07-2016 28.4 45.0 1.1 28.6 0.0
22-07-2016 28.0 36.2 2.1 29.3 0.0
21-07-2016 29.8 38.2 2.1 29.2 0.0
20-07-2016 30.7 36.6 2.5 18.7 0.4
19-07-2016 31.1 33.4 1.9 19.1 0.0
18-07-2016 28.8 36.9 1.8 28.8 0.0
17-07-2016 28.8 37.7 1.8 28.7 0.0
16-07-2016 28.4 42.5 1.9 29.1 0.0
15-07-2016 28.5 41.9 1.7 29.1 0.0
14-07-2016 29.0 44.4 1.4 29.1 0.0
13-07-2016 29.4 23.0 1.7 30.5 0.0
12-07-2016 29.7 30.0 2.1 30.4 0.0
11-07-2016 30.6 38.5 2.1 29.1 0.0
10-07-2016 31.1 37.9 1.7 28.9 0.0
09-07-2016 30.6 38.2 1.5 29.5 0.0
08-07-2016 27.3 53.4 1.6 29.0 0.0
07-07-2016 25.8 55.1 2.4 14.7 0.0
06-07-2016 28.2 51.8 2.1 25.3 0.0
05-07-2016 28.2 51.9 2.4 28.5 0.0
04-07-2016 28.1 49.1 2.8 28.1 0.0
03-07-2016 31.4 34.3 2.6 27.0 0.0
02-07-2016 28.5 38.4 1.0 27.9 0.0
01-07-2016 26.5 43.5 1.8 30.3 0.0
30-06-2016 26.7 49.2 2.5 28.1 0.0
29-06-2016 27.9 49.7 2.6 27.8 0.0
28-06-2016 27.6 47.6 1.6 16.0 0.2
27-06-2016 27.4 43.8 1.8 28.2 0.0
26-06-2016 23.3 51.1 2.1 28.3 0.0
25-06-2016 26.1 41.2 1.9 29.7 0.0
24-06-2016 27.0 43.2 1.7 28.7 0.0
23-06-2016 25.8 35.7 1.2 28.9 0.0
22-06-2016 25.8 33.8 2.0 29.9 0.0
21-06-2016 26.2 34.8 1.4 28.8 0.0
20-06-2016 26.0 36.5 1.5 29.3 0.0
19-06-2016 25.4 29.1 1.6 29.4 0.0
18-06-2016 23.4 37.9 1.1 29.2 0.0
17-06-2016 20.8 48.6 1.5 29.9 0.0
16-06-2016 19.9 45.4 2.9 21.1 0.0
15-06-2016 22.4 46.0 3.9 26.8 0.0
14-06-2016 26.8 39.6 2.5 29.2 0.0
13-06-2016 28.2 41.5 2.3 29.1 0.0
12-06-2016 25.7 41.8 1.3 27.0 0.0
11-06-2016 24.9 43.7 1.8 29.3 0.0
10-06-2016 25.1 47.3 2.9 28.0 0.0
09-06-2016 27.9 41.0 2.2 27.3 0.0
08-06-2016 26.8 39.0 1.3 28.4 0.0
07-06-2016 26.1 40.5 1.5 29.7 0.0
06-06-2016 24.0 48.2 1.3 29.0 0.0
05-06-2016 22.9 50.2 1.4 27.9 0.0
04-06-2016 20.9 56.2 2.7 29.9 0.0
03-06-2016 21.5 56.3 3.9 28.8 0.0
02-06-2016 23.0 44.3 1.5 27.1 0.0
01-06-2016 22.8 42.0 1.4 31.1 0.0
31-05-2016 22.1 42.9 1.5 30.7 0.0
30-05-2016 19.4 56.0 1.2 26.8 0.0
29-05-2016 18.2 62.8 2.2 26.1 0.0
28-05-2016 17.6 71.4 2.4 15.6 4.0
27-05-2016 19.6 57.7 2.3 28.9 0.0
26-05-2016 19.2 60.7 2.1 23.2 0.0
25-05-2016 20.0 58.3 2.2 28.0 0.0
24-05-2016 21.2 59.7 2.5 27.1 0.0
23-05-2016 21.8 42.7 1.9 29.4 0.0
22-05-2016 21.5 54.3 2.3 23.1 0.0
21-05-2016 22.9 50.8 2.1 29.2 0.0
20-05-2016 23.2 51.0 1.6 29.4 0.0
19-05-2016 21.4 58.5 1.2 29.1 0.0
18-05-2016 21.8 52.7 1.8 27.9 0.0
17-05-2016 21.3 54.3 1.3 28.3 0.2
16-05-2016 20.3 60.9 1.1 29.3 0.0
15-05-2016 17.8 73.3 0.9 24.2 0.0
14-05-2016 16.0 74.4 1.1 23.5 0.2
13-05-2016 14.4 79.8 2.3 20.7 1.8
12-05-2016 13.8 84.7 2.4 14.2 14.8
11-05-2016 13.2 82.6 1.9 12.3 8.4
10-05-2016 13.6 84.1 2.1 9.6 10.6
09-05-2016 14.2 82.9 1.6 8.5 11.6
08-05-2016 15.1 86.4 2.1 10.2 25.6
07-05-2016 15.9 77.3 2.3 10.3 1.4
06-05-2016 16.1 83.9 2.3 8.4 13.8
05-05-2016 18.5 52.9 1.3 9.4 0.0
04-05-2016 19.7 37.0 1.4 16.5 0.0
03-05-2016 19.7 38.7 1.3 29.8 0.0
02-05-2016 18.1 32.5 2.1 30.2 0.0
01-05-2016 18.3 36.0 3.0 29.5 0.0
30-04-2016 20.3 56.3 1.1 25.3 0.0
29-04-2016 18.1 63.7 1.3 13.4 0.0
28-04-2016 18.3 63.0 1.5 26.5 0.0
27-04-2016 18.8 59.2 1.9 21.9 0.0
26-04-2016 18.6 59.2 1.3 27.8 0.0
25-04-2016 18.5 51.2 1.5 28.5 0.0
24-04-2016 18.4 59.1 1.5 27.5 0.0
23-04-2016 17.3 70.5 1.3 14.9 0.0
22-04-2016 17.4 66.3 1.3 23.3 0.0
21-04-2016 15.4 67.7 0.9 24.8 0.0
20-04-2016 13.9 83.7 1.8 15.2 10.6
19-04-2016 15.1 85.2 1.3 1.9 21.0
18-04-2016 18.4 62.4 1.5 23.2 0.2
17-04-2016 16.7 71.6 1.8 24.2 2.2
16-04-2016 16.4 81.9 3.1 12.0 12.0
15-04-2016 15.7 72.4 2.3 19.0 0.2
14-04-2016 15.0 73.5 1.2 25.7 0.0
13-04-2016 14.4 78.5 1.3 15.0 10.4
12-04-2016 13.6 80.3 2.0 8.6 12.0
11-04-2016 12.8 79.7 1.9 11.5 10.6
10-04-2016 12.9 72.9 2.5 12.2 1.0
09-04-2016 14.2 54.3 1.6 25.4 0.0
08-04-2016 15.1 45.6 2.0 25.7 0.0
07-04-2016 16.6 61.9 1.1 25.0 0.0
06-04-2016 16.6 52.5 1.4 24.5 0.0
05-04-2016 14.1 62.7 2.1 20.3 0.0
04-04-2016 12.6 84.3 3.2 2.8 34.8
03-04-2016 12.8 71.9 1.8 12.8 0.4
02-04-2016 12.8 51.7 1.9 22.8 0.0
01-04-2016 11.3 52.1 1.1 24.6 0.0
31-03-2016 12.0 55.9 2.0 13.3 0.2
30-03-2016 15.9 59.2 2.4 21.5 0.0
29-03-2016 14.3 63.1 0.9 23.4 0.0
28-03-2016 12.5 70.6 0.9 16.5 0.0
27-03-2016 15.4 66.6 1.7 20.4 1.2
26-03-2016 13.7 75.8 1.7 10.8 0.0
25-03-2016 12.9 72.7 1.6 18.5 0.2
24-03-2016 11.8 69.8 1.0 22.3 0.0
23-03-2016 11.3 81.3 1.0 10.2 0.4
22-03-2016 10.4 84.0 1.3 12.9 0.4
21-03-2016 11.4 80.1 1.7 13.5 9.6
20-03-2016 11.3 81.5 1.4 12.9 6.6
19-03-2016 13.4 74.3 2.3 17.5 5.8
18-03-2016 12.6 75.0 1.2 13.6 0.0
17-03-2016 11.8 81.1 1.1 17.1 0.0
16-03-2016 13.2 81.3 1.4 17.6 3.4
15-03-2016 12.2 76.5 1.7 13.6 0.2
14-03-2016 11.5 70.2 1.8 20.2 0.0
13-03-2016 10.5 63.0 1.0 20.9 0.0
12-03-2016 9.2 67.1 1.1 20.8 0.0
11-03-2016 9.2 61.9 1.1 21.1 0.0
10-03-2016 11.3 53.7 2.1 18.9 0.0
09-03-2016 9.0 74.5 1.8 12.3 0.0
08-03-2016 8.0 68.9 1.1 17.3 0.2
07-03-2016 8.1 76.1 2.5 13.7 1.8
06-03-2016 9.3 65.3 1.6 19.7 0.0
05-03-2016 10.2 67.9 2.5 18.6 0.0
04-03-2016 10.9 78.8 1.8 18.9 0.0
03-03-2016 10.8 82.0 0.7 18.5 0.0
02-03-2016 10.4 75.9 1.4 18.4 0.2
01-03-2016 9.4 73.0 1.1 18.7 0.0
29-02-2016 10.6 73.0 1.0 17.7 0.0
28-02-2016 8.9 78.5 1.7 10.4 0.0
27-02-2016 6.9 81.1 3.0 9.2 1.4
26-02-2016 9.3 94.3 2.5 4.7 11.2
25-02-2016 11.9 83.1 2.7 12.9 0.0
24-02-2016 9.2 90.8 1.5 9.0 1.2
23-02-2016 12.0 84.8 1.1 14.7 0.0
22-02-2016 12.0 75.7 1.2 14.9 0.0
21-02-2016 12.9 58.8 1.6 12.7 0.0
20-02-2016 12.1 62.8 3.2 16.0 0.0
19-02-2016 10.1 77.9 2.0 12.5 0.0
18-02-2016 8.2 95.1 1.2 6.5 6.6
17-02-2016 5.6 70.8 1.5 16.3 0.0
16-02-2016 7.1 52.4 2.0 16.4 0.0
15-02-2016 9.9 59.0 3.0 11.9 0.0
14-02-2016 11.4 79.2 5.2 9.9 3.2
13-02-2016 14.7 99.4 4.2 2.2 2.8
12-02-2016 13.6 99.7 3.5 1.7 5.2
11-02-2016 15.0 96.7 2.9 7.3 5.2
10-02-2016 14.3 96.3 3.3 2.8 0.6
09-02-2016 12.6 92.7 2.2 4.5 0.6
08-02-2016 9.1 91.1 0.7 6.8 0.0
07-02-2016 12.2 78.5 2.8 13.4 4.4
06-02-2016 11.2 88.2 1.8 7.3 0.0
05-02-2016 10.6 78.3 1.4 9.5 0.0
04-02-2016 10.1 73.1 1.5 13.0 0.0
03-02-2016 10.6 81.7 1.3 9.6 0.0
02-02-2016 11.3 87.5 0.9 11.6 0.2
01-02-2016 11.7 86.4 1.3 13.2 0.0
31-01-2016 8.3 92.7 1.2 11.0 0.2
30-01-2016 8.5 91.8 0.6 11.7 0.0
29-01-2016 9.6 91.1 1.1 8.0 2.0
28-01-2016 8.5 94.7 0.9 5.2 0.2
27-01-2016 8.6 92.8 0.7 11.9 0.0
26-01-2016 10.3 91.9 0.8 10.8 2.8
25-01-2016 10.6 91.3 0.7 8.3 0.0
24-01-2016 11.8 88.8 0.8 11.6 0.2
23-01-2016 13.3 88.7 1.3 10.7 0.0
22-01-2016 13.5 88.6 1.5 10.1 0.0
21-01-2016 9.6 95.9 1.5 6.7 0.2
20-01-2016 9.0 97.1 1.2 5.1 1.8
19-01-2016 6.5 97.7 0.5 4.8 0.0
18-01-2016 7.9 86.5 0.8 9.1 0.0
17-01-2016 5.8 76.3 1.4 8.9 0.0
16-01-2016 6.9 68.5 2.5 12.0 0.0
15-01-2016 11.0 83.5 1.5 6.7 1.4
14-01-2016 8.3 92.6 0.9 5.7 1.0
13-01-2016 8.8 84.7 1.7 10.2 0.0
12-01-2016 9.7 90.8 0.7 9.1 0.0
11-01-2016 12.7 95.3 3.2 3.3 7.2
10-01-2016 13.4 87.3 3.4 3.6 0.6
09-01-2016 13.5 87.2 2.9 8.8 11.8
08-01-2016 14.2 88.1 2.2 6.6 0.6
07-01-2016 12.1 97.7 1.3 2.2 0.2
06-01-2016 7.9 93.0 1.4 7.5 0.0
05-01-2016 11.0 79.6 2.9 9.0 8.6
04-01-2016 15.8 92.6 5.2 3.2 10.4
03-01-2016 13.1 96.3 1.8 3.3 2.8
02-01-2016 13.4 85.0 1.1 8.8 1.4
01-01-2016 14.9 97.2 2.4 4.3 6.2
