31-12-2017 9.6 99.6 0.7 2.4 0.6
30-12-2017 13.6 89.7 0.8 10.2 0.0
29-12-2017 14.8 91.7 2.1 4.5 0.0
28-12-2017 13.7 92.1 2.8 4.4 0.0
27-12-2017 12.3 83.4 3.5 5.2 4.0
26-12-2017 10.6 89.6 1.6 6.3 3.6
25-12-2017 7.2 91.5 0.8 4.2 0.4
24-12-2017 7.5 86.6 1.0 10.2 0.2
23-12-2017 7.5 86.7 1.1 10.0 0.0
22-12-2017 6.4 88.0 0.5 9.7 0.2
21-12-2017 6.9 83.5 1.1 10.4 0.2
20-12-2017 6.3 84.2 0.9 10.3 0.0
19-12-2017 6.6 83.5 1.1 10.4 0.0
18-12-2017 5.9 79.3 1.4 10.7 0.0
17-12-2017 6.6 72.3 2.0 11.0 0.0
16-12-2017 8.9 70.1 1.9 10.8 0.0
15-12-2017 12.5 98.9 2.3 3.0 4.4
14-12-2017 7.4 88.2 0.6 6.6 0.0
13-12-2017 5.6 84.6 1.0 10.7 0.0
12-12-2017 7.2 81.5 0.9 10.8 0.0
11-12-2017 10.8 88.2 3.6 5.8 21.5
10-12-2017 11.9 93.5 2.3 3.7 0.5
09-12-2017 10.7 83.5 0.7 4.1 0.0
08-12-2017 7.0 76.3 0.7 10.1 0.0
07-12-2017 4.9 79.8 1.0 10.5 0.0
06-12-2017 0.0 0.0 0.0 0.0 0.0
05-12-2017 4.6 75.1 1.1 11.2 0.0
04-12-2017 5.1 65.6 1.8 11.3 0.0
03-12-2017 4.1 75.0 1.4 11.6 0.2
02-12-2017 5.2 71.6 1.3 11.4 0.0
01-12-2017 6.2 76.9 1.4 11.4 0.2
30-11-2017 9.1 65.2 1.8 11.5 0.0
29-11-2017 13.5 92.1 1.2 3.8 13.6
28-11-2017 13.0 81.8 1.4 4.3 9.2
27-11-2017 11.6 63.3 1.2 7.6 0.0
26-11-2017 12.7 66.6 1.6 10.4 0.0
25-11-2017 11.7 65.6 0.9 4.9 0.0
24-11-2017 12.9 58.8 1.0 10.8 0.0
23-11-2017 11.7 58.5 1.2 9.5 0.0
22-11-2017 9.6 65.9 1.0 11.4 0.0
21-11-2017 10.4 64.5 1.1 12.1 0.0
20-11-2017 11.1 64.9 1.3 12.2 0.0
19-11-2017 10.5 70.0 1.0 11.9 0.0
18-11-2017 9.8 72.9 0.7 12.1 0.0
17-11-2017 10.1 69.0 0.9 12.1 0.0
16-11-2017 9.9 72.8 0.8 12.3 0.0
15-11-2017 9.8 64.6 1.2 12.5 0.0
14-11-2017 9.8 55.4 1.6 13.0 0.0
13-11-2017 11.5 72.4 0.9 12.7 0.2
12-11-2017 11.4 78.7 0.9 13.0 0.2
11-11-2017 11.1 77.7 0.9 12.9 0.0
10-11-2017 9.9 69.8 1.0 13.2 0.0
09-11-2017 12.2 52.5 2.2 14.1 0.0
08-11-2017 12.2 72.0 1.1 13.8 0.0
07-11-2017 11.9 69.4 1.4 14.2 0.0
06-11-2017 13.5 66.5 2.0 14.4 0.0
05-11-2017 15.1 89.3 0.9 12.6 0.2
04-11-2017 15.8 91.2 2.0 9.4 23.6
03-11-2017 15.9 89.6 1.0 5.1 5.4
02-11-2017 17.2 72.6 1.1 8.7 0.0
01-11-2017 18.0 67.5 1.6 14.0 0.0
31-10-2017 16.6 64.1 1.1 14.5 0.0
30-10-2017 16.0 63.1 0.8 14.5 0.2
29-10-2017 17.0 68.7 0.5 14.9 0.0
28-10-2017 18.6 58.9 0.9 15.6 0.0
27-10-2017 17.8 64.7 0.7 15.7 0.0
26-10-2017 18.1 62.5 0.8 15.8 0.0
25-10-2017 18.6 61.0 1.0 16.0 0.0
24-10-2017 18.8 63.6 1.0 15.9 0.0
23-10-2017 18.7 69.3 1.2 16.1 0.0
22-10-2017 19.1 75.1 0.9 16.3 0.0
21-10-2017 20.5 76.9 1.2 14.9 0.2
20-10-2017 18.3 83.1 0.7 12.9 0.0
19-10-2017 17.4 80.2 1.8 16.5 0.2
18-10-2017 17.3 90.1 2.1 8.0 14.0
17-10-2017 20.6 64.8 1.8 7.7 12.8
16-10-2017 20.9 46.6 1.5 16.8 0.0
15-10-2017 24.1 35.8 1.7 16.4 0.0
14-10-2017 23.8 38.6 1.1 12.8 0.0
13-10-2017 22.8 39.4 1.2 13.8 0.0
12-10-2017 23.4 35.5 1.3 10.6 0.0
11-10-2017 22.2 40.7 1.0 17.6 0.0
10-10-2017 21.4 42.0 0.9 17.4 0.0
09-10-2017 20.6 53.2 0.8 17.5 0.0
08-10-2017 22.5 54.8 0.8 17.5 0.0
07-10-2017 24.3 43.4 1.8 18.4 0.0
06-10-2017 23.5 47.5 0.9 18.5 0.0
05-10-2017 23.5 53.0 1.3 19.3 0.0
04-10-2017 24.3 53.7 1.4 18.5 0.0
03-10-2017 24.2 53.4 0.9 19.1 0.0
02-10-2017 24.3 50.5 1.4 19.5 0.0
01-10-2017 24.6 45.5 1.1 17.3 0.0
30-09-2017 23.3 54.8 0.8 17.4 0.0
29-09-2017 23.5 58.1 0.8 17.6 0.0
28-09-2017 24.5 50.3 1.5 15.8 0.0
27-09-2017 20.9 48.5 1.1 9.2 0.0
26-09-2017 21.6 41.4 1.1 21.1 0.0
25-09-2017 23.1 50.3 1.4 20.7 0.0
24-09-2017 23.5 53.8 0.9 20.2 0.0
23-09-2017 23.3 54.6 0.8 19.7 0.0
22-09-2017 22.9 44.8 1.0 20.4 0.0
21-09-2017 22.8 41.1 1.0 20.7 0.0
20-09-2017 23.0 42.5 1.1 20.7 0.0
19-09-2017 21.9 46.8 0.8 21.2 0.0
18-09-2017 20.7 49.6 1.7 21.9 0.2
17-09-2017 20.1 49.0 1.5 21.9 0.0
16-09-2017 19.4 44.1 2.1 22.8 0.0
15-09-2017 22.2 45.4 2.1 22.9 0.0
14-09-2017 25.0 48.0 1.8 21.5 0.0
13-09-2017 25.9 34.7 1.3 22.9 0.0
12-09-2017 25.6 31.0 1.1 23.4 0.0
11-09-2017 23.8 37.9 1.1 23.5 0.0
10-09-2017 22.2 38.5 1.5 23.4 0.0
09-09-2017 22.3 45.2 2.7 15.7 0.0
08-09-2017 26.9 42.9 1.5 22.4 0.0
07-09-2017 28.5 41.2 1.5 22.1 0.0
06-09-2017 28.6 48.2 1.0 22.8 0.0
05-09-2017 27.2 52.8 1.1 23.4 0.0
04-09-2017 25.5 53.7 1.6 24.2 0.0
03-09-2017 27.1 55.8 1.3 20.8 0.0
02-09-2017 26.7 59.3 1.4 23.6 0.0
01-09-2017 26.2 59.3 1.1 23.5 0.0
31-08-2017 24.8 61.9 1.0 24.4 0.0
30-08-2017 22.8 70.0 0.0 23.0 0.0
29-08-2017 21.1 75.8 1.3 18.0 0.0
28-08-2017 21.0 82.1 1.5 6.3 5.6
27-08-2017 27.1 49.1 1.9 9.2 1.0
26-08-2017 29.7 33.1 1.3 16.4 0.4
25-08-2017 28.4 34.6 1.6 21.4 0.2
24-08-2017 29.4 33.4 1.8 24.6 0.0
23-08-2017 29.6 38.7 1.4 25.2 0.0
22-08-2017 28.7 43.0 1.3 25.6 0.0
21-08-2017 29.8 43.1 1.5 25.6 0.0
20-08-2017 30.2 41.8 1.6 25.1 0.2
19-08-2017 30.4 36.9 1.3 25.0 0.0
18-08-2017 29.4 43.6 1.2 26.1 0.0
17-08-2017 28.8 27.6 1.3 26.3 0.0
16-08-2017 27.7 38.0 1.3 26.7 0.0
15-08-2017 29.2 45.6 1.8 24.9 0.0
14-08-2017 28.0 47.8 1.6 26.1 0.2
13-08-2017 27.8 39.8 1.4 26.5 0.0
12-08-2017 27.2 38.5 1.3 27.1 0.0
11-08-2017 26.8 44.6 1.0 27.8 0.2
10-08-2017 26.3 39.0 1.6 27.5 0.0
09-08-2017 24.8 32.7 2.3 28.3 0.0
08-08-2017 27.5 23.6 1.8 28.5 0.0
07-08-2017 30.0 26.0 2.0 24.4 0.0
06-08-2017 31.1 29.8 1.6 28.6 0.0
05-08-2017 32.7 31.3 2.1 28.0 0.0
04-08-2017 31.2 28.7 1.2 28.5 0.0
03-08-2017 29.7 28.7 1.2 28.7 0.0
02-08-2017 27.1 36.2 1.1 29.3 0.0
01-08-2017 26.1 39.1 1.8 22.9 0.0
31-07-2017 28.2 34.8 2.5 28.8 0.0
30-07-2017 30.7 33.1 2.0 28.4 0.0
29-07-2017 30.0 28.9 1.7 29.1 0.0
28-07-2017 30.1 31.5 1.5 28.5 0.0
27-07-2017 28.8 41.1 1.4 27.3 0.0
26-07-2017 26.2 46.7 1.6 20.0 0.0
25-07-2017 29.0 37.7 1.9 28.6 0.0
24-07-2017 28.9 32.7 1.8 28.7 0.0
23-07-2017 27.9 36.7 1.7 29.5 0.0
22-07-2017 25.3 43.1 1.4 29.5 0.0
21-07-2017 24.5 45.5 3.0 29.7 0.0
20-07-2017 26.3 47.3 2.7 29.8 0.0
19-07-2017 28.2 44.5 3.5 29.3 0.0
18-07-2017 30.9 32.4 2.4 22.7 0.0
17-07-2017 30.4 34.1 1.6 24.2 0.0
16-07-2017 30.3 42.0 1.5 28.9 0.0
15-07-2017 30.3 41.8 2.4 28.4 0.0
14-07-2017 32.8 29.0 2.4 29.5 0.0
13-07-2017 33.1 29.6 1.9 29.0 0.0
12-07-2017 31.4 32.9 1.1 28.7 0.0
11-07-2017 28.3 39.3 1.2 30.2 0.0
10-07-2017 28.0 43.1 1.7 30.6 0.0
09-07-2017 25.7 57.5 2.1 26.7 0.0
08-07-2017 24.1 59.5 2.8 27.3 0.0
07-07-2017 23.9 55.6 2.6 29.5 0.0
06-07-2017 21.9 78.6 2.2 11.4 0.0
05-07-2017 26.6 48.2 2.7 24.7 0.0
04-07-2017 27.2 35.6 1.7 30.8 0.2
03-07-2017 27.1 30.5 1.7 30.6 0.0
02-07-2017 26.4 25.1 2.1 31.6 0.0
01-07-2017 25.5 25.9 2.3 31.4 0.0
30-06-2017 22.2 32.0 1.9 31.3 0.0
29-06-2017 22.6 34.4 2.7 31.7 0.0
28-06-2017 24.0 50.4 3.8 29.4 0.0
27-06-2017 24.5 51.7 3.0 28.2 0.0
26-06-2017 26.9 37.4 2.4 30.9 0.0
25-06-2017 30.5 30.2 2.5 24.1 0.0
24-06-2017 31.3 28.4 1.7 25.4 0.0
23-06-2017 28.6 40.8 1.6 30.6 0.0
22-06-2017 28.2 49.0 2.1 30.3 0.0
21-06-2017 28.8 41.1 2.1 29.8 0.0
20-06-2017 30.0 36.1 1.7 29.7 0.0
19-06-2017 30.6 36.4 1.4 29.6 0.0
18-06-2017 31.4 35.6 1.4 29.4 0.0
17-06-2017 31.4 39.3 1.3 30.0 0.0
16-06-2017 32.5 35.8 1.3 27.9 9.2
15-06-2017 29.7 47.8 1.5 29.5 0.0
14-06-2017 28.1 49.0 2.1 29.3 0.0
13-06-2017 28.3 41.4 1.8 29.8 0.0
12-06-2017 29.0 30.9 1.5 29.9 0.0
11-06-2017 28.7 38.9 1.1 28.9 0.0
10-06-2017 27.7 40.8 1.2 29.0 0.0
09-06-2017 26.8 43.9 1.4 26.3 0.0
08-06-2017 27.1 33.4 1.8 28.5 0.0
07-06-2017 26.0 42.9 1.4 30.5 0.0
06-06-2017 23.5 48.8 1.2 30.7 0.0
05-06-2017 23.2 44.0 1.9 30.6 0.0
04-06-2017 23.5 46.6 2.5 30.1 0.0
03-06-2017 25.9 45.7 2.1 30.0 0.0
02-06-2017 26.8 48.5 1.9 28.7 0.0
01-06-2017 25.6 48.0 1.3 29.0 0.0
31-05-2017 24.5 44.7 1.0 29.8 0.0
30-05-2017 22.8 58.7 1.3 28.1 0.0
29-05-2017 21.3 63.5 2.6 29.5 0.0
28-05-2017 21.8 63.5 2.4 22.0 0.0
27-05-2017 23.8 63.4 1.7 27.6 0.0
26-05-2017 22.3 68.1 2.3 27.7 0.0
25-05-2017 25.8 46.1 1.6 28.2 0.0
24-05-2017 25.6 43.3 1.6 28.6 0.0
23-05-2017 23.6 53.4 1.3 29.3 0.0
22-05-2017 22.5 51.4 1.1 30.3 0.0
21-05-2017 22.2 42.8 1.6 11.0 0.0
20-05-2017 21.4 46.5 1.4 30.6 0.0
19-05-2017 19.3 46.5 1.1 31.0 0.0
18-05-2017 21.1 44.3 2.5 30.1 0.0
17-05-2017 21.8 53.0 0.9 26.4 0.0
16-05-2017 23.0 47.9 1.3 25.3 0.0
15-05-2017 22.3 54.7 1.4 27.2 0.0
14-05-2017 19.3 70.8 1.0 28.8 0.0
13-05-2017 18.4 73.2 2.3 22.9 0.6
12-05-2017 17.0 82.6 2.9 15.5 14.6
11-05-2017 17.0 79.5 3.8 18.9 10.8
10-05-2017 17.2 87.5 2.2 9.1 19.2
09-05-2017 19.6 61.4 3.2 29.2 0.0
08-05-2017 20.9 52.6 1.1 28.8 0.0
07-05-2017 20.6 49.7 1.4 29.2 0.0
06-05-2017 17.3 71.1 0.9 26.8 0.0
05-05-2017 18.1 72.8 3.0 17.8 0.8
04-05-2017 19.8 61.6 1.9 23.9 0.0
03-05-2017 19.5 59.4 1.1 28.2 0.0
02-05-2017 17.3 66.2 0.9 28.6 0.2
01-05-2017 15.0 68.0 0.9 29.1 0.0
30-04-2017 14.4 82.8 2.7 12.3 3.4
29-04-2017 14.4 91.6 1.8 7.9 17.0
28-04-2017 12.8 95.1 2.4 5.1 34.8
27-04-2017 16.9 75.0 1.2 14.1 12.0
26-04-2017 18.1 62.1 2.9 20.3 0.0
25-04-2017 18.3 67.2 3.3 22.2 0.0
24-04-2017 19.1 58.5 1.1 21.2 0.0
23-04-2017 20.2 51.7 1.0 24.1 0.0
22-04-2017 18.5 49.8 1.9 26.3 0.2
21-04-2017 0.0 0.0 0.0 0.0 0.0
20-04-2017 	0.0 0.0 0.0 0.0 0.0
19-04-2017 19.6 50.0 1.9 23.2 0.0
18-04-2017 21.2 49.4 1.2 24.2 0.0
17-04-2017 20.2 59.8 1.0 25.9 0.0
16-04-2017 19.8 57.0 1.2 21.7 0.0
15-04-2017 18.8 64.8 1.3 24.4 0.0
14-04-2017 18.0 73.9 1.7 18.2 0.0
13-04-2017 18.7 59.1 1.9 23.9 0.0
12-04-2017 19.2 50.8 0.8 25.7 0.0
11-04-2017 18.1 50.5 0.8 25.8 0.0
10-04-2017 17.2 54.1 1.2 26.2 0.0
09-04-2017 16.2 57.6 1.1 25.6 0.0
08-04-2017 15.4 55.9 1.0 25.5 0.0
07-04-2017 15.7 57.3 1.4 25.3 0.0
06-04-2017 16.0 49.4 2.0 25.5 0.0
05-04-2017 15.8 49.3 1.8 25.2 0.0
04-04-2017 15.4 52.8 1.3 25.4 0.0
03-04-2017 15.8 50.9 1.3 24.8 0.0
02-04-2017 14.3 59.3 1.1 25.1 0.0
01-04-2017 14.6 57.7 1.5 25.0 0.0
31-03-2017 15.7 65.9 1.9 23.5 0.0
30-03-2017 15.6 63.5 1.1 20.7 0.0
29-03-2017 15.1 68.0 1.0 23.4 0.2
28-03-2017 15.1 78.6 0.8 22.2 0.0
27-03-2017 12.3 93.7 1.1 10.8 3.8
26-03-2017 13.0 74.6 2.5 21.1 3.0
25-03-2017 9.3 85.2 1.7 8.4 5.0
24-03-2017 8.3 72.0 1.5 19.7 0.0
23-03-2017 7.5 75.6 1.7 17.1 1.4
22-03-2017 11.0 71.9 2.5 18.3 1.6
21-03-2017 14.5 72.2 2.8 18.2 0.0
20-03-2017 15.3 70.6 2.2 21.6 0.0
19-03-2017 14.1 68.4 1.0 22.0 0.0
18-03-2017 14.2 62.3 1.6 21.2 0.0
17-03-2017 13.3 58.2 1.4 17.2 0.0
16-03-2017 12.7 65.6 1.4 18.2 0.0
15-03-2017 16.2 48.9 3.3 21.4 0.0
14-03-2017 11.3 84.4 1.7 6.0 5.8
13-03-2017 10.8 67.8 2.4 5.6 2.4
12-03-2017 15.6 64.8 1.8 20.0 0.0
11-03-2017 15.9 73.6 1.1 18.8 0.2
10-03-2017 16.7 69.7 1.2 20.5 0.0
09-03-2017 15.9 74.3 1.0 20.1 0.0
08-03-2017 15.7 76.2 1.6 20.5 0.2
07-03-2017 14.0 84.2 0.9 19.3 0.2
06-03-2017 14.1 89.4 0.7 13.3 0.0
05-03-2017 10.1 97.4 0.6 8.0 0.2
04-03-2017 8.6 95.3 1.5 3.6 44.6
03-03-2017 9.3 94.2 2.4 4.0 5.0
02-03-2017 12.1 79.4 0.8 18.5 0.0
01-03-2017 11.8 80.3 0.7 18.5 0.0
28-02-2017 11.0 84.6 1.2 8.5 0.0
27-02-2017 11.6 87.4 0.9 8.4 0.0
26-02-2017 12.9 89.7 1.0 11.4 0.0
25-02-2017 12.5 95.7 1.1 5.7 0.2
24-02-2017 11.8 94.1 0.8 11.4 0.2
23-02-2017 13.2 85.1 1.0 3.2 3.2
22-02-2017 14.8 58.8 1.2 13.2 0.0
21-02-2017 14.3 56.7 2.1 14.6 0.0
20-02-2017 12.6 56.4 2.9 7.0 0.0
19-02-2017 12.5 72.5 2.1 12.1 0.6
18-02-2017 10.9 83.5 0.9 12.0 13.2
17-02-2017 11.2 78.9 0.6 15.4 0.2
16-02-2017 11.1 71.9 1.1 10.9 0.0
15-02-2017 11.7 71.2 1.5 13.7 0.0
14-02-2017 11.4 78.3 1.3 14.2 0.0
13-02-2017 12.4 82.3 2.0 10.4 5.8
12-02-2017 11.9 87.6 1.5 3.1 12.2
11-02-2017 10.6 77.0 1.7 6.9 0.0
10-02-2017 8.1 84.3 1.5 4.9 2.6
09-02-2017 8.1 62.1 1.8 13.7 0.0
08-02-2017 9.4 65.1 1.3 15.8 0.2
07-02-2017 10.1 81.6 0.9 11.8 0.0
06-02-2017 9.8 77.5 1.3 14.6 0.0
05-02-2017 13.2 74.3 3.6 13.3 3.4
04-02-2017 14.3 86.2 4.1 5.1 3.4
03-02-2017 13.7 84.1 2.9 6.2 1.2
02-02-2017 12.1 93.6 2.1 2.9 4.2
01-02-2017 10.3 83.6 1.1 7.4 0.2
31-01-2017 10.5 80.1 1.3 13.6 0.2
30-01-2017 10.2 82.7 0.9 13.0 0.2
29-01-2017 10.3 82.7 0.9 10.7 0.0
28-01-2017 8.7 83.4 1.1 12.7 0.0
27-01-2017 9.5 86.0 2.1 6.0 14.2
26-01-2017 7.7 71.5 1.8 5.8 3.6
25-01-2017 5.5 73.2 1.0 13.0 0.0
24-01-2017 5.4 74.9 0.7 12.7 0.2
23-01-2017 5.5 76.6 0.7 12.3 0.0
22-01-2017 6.3 73.4 1.2 12.5 0.2
21-01-2017 7.1 72.6 0.9 10.8 0.0
20-01-2017 7.4 68.6 1.0 9.4 0.0
19-01-2017 6.4 58.0 1.7 5.4 0.0
18-01-2017 4.3 41.8 2.5 12.8 0.0
17-01-2017 7.1 66.3 1.1 11.7 0.0
16-01-2017 5.8 71.7 0.8 12.0 0.0
15-01-2017 5.8 63.9 1.2 12.0 0.0
14-01-2017 7.5 60.4 1.9 11.9 0.0
13-01-2017 8.3 77.9 1.2 11.3 0.2
12-01-2017 8.9 80.3 0.7 11.0 0.2
11-01-2017 8.5 77.7 0.8 10.3 0.0
10-01-2017 6.0 79.2 0.6 8.6 0.2
09-01-2017 6.4 76.9 0.6 11.5 0.2
08-01-2017 6.8 80.5 1.0 11.2 0.2
07-01-2017 7.9 81.1 1.0 10.3 0.0
06-01-2017 8.9 77.1 1.5 10.7 0.2
05-01-2017 9.6 83.3 1.0 10.7 0.0
04-01-2017 10.5 79.7 0.6 8.3 0.0
03-01-2017 9.3 70.7 1.4 7.1 0.0
02-01-2017 7.7 73.6 1.6 9.7 0.2
01-01-2017 6.3 78.5 1.7 10.4 0.0
