03-05-2018 15.8 72.4 1.1 25.2 0.2 
02-05-2018 12.6 75.2 1.3 23.3 0.2 
01-05-2018 10.3 86.8 0.9 15.1 10.4 
30-04-2018 11.8 74.4 1.3 22.5 0.2 
29-04-2018 12.6 72.9 3.4 25.8 1.0 
28-04-2018 15.3 71.3 3.0 25.0 0.2 
27-04-2018 19.3 76.5 2.2 25.3 0.0 
26-04-2018 20.7 74.3 1.8 25.9 0.0 
25-04-2018 19.5 75.6 1.4 22.9 0.0 
24-04-2018 22.1 61.2 2.2 25.8 0.0 
23-04-2018 21.3 65.7 2.1 16.2 0.6 
22-04-2018 19.8 71.8 1.2 21.0 0.2 
21-04-2018 18.7 68.1 1.8 11.0 0.0 
20-04-2018 17.9 68.6 2.1 24.8 0.0 
19-04-2018 17.9 66.1 1.3 25.9 0.0 
18-04-2018 17.6 67.4 1.2 25.7 0.2 
17-04-2018 15.7 72.7 1.2 26.6 0.0 
16-04-2018 13.5 82.7 1.3 25.3 1.4 
15-04-2018 13.9 89.5 1.9 12.1 5.4 
14-04-2018 12.5 83.5 1.4 23.5 0.0 
13-04-2018 11.0 87.3 1.1 16.0 2.0 
12-04-2018 9.8 96.4 1.3 5.9 17.2 
11-04-2018 11.3 72.4 3.1 21.6 1.0 
10-04-2018 9.9 95.0 3.0 4.9 19.2 
09-04-2018 10.9 75.7 2.8 17.1 0.0 
08-04-2018 12.3 82.9 3.0 15.4 1.0 
07-04-2018 11.9 89.0 2.2 14.6 11.2 
06-04-2018 14.9 69.9 1.7 13.9 1.8 
05-04-2018 15.4 65.3 1.4 22.9 0.0 
04-04-2018 14.6 76.6 2.1 21.7 0.0 
03-04-2018 15.6 80.6 2.8 17.7 0.0 
02-04-2018 14.5 67.5 2.0 23.5 0.0 
01-04-2018 13.4 65.3 1.5 22.1 0.0 
31-03-2018 11.5 73.8 1.9 23.7 0.0 
30-03-2018 11.2 77.2 3.6 17.0 2.2 
29-03-2018 12.7 78.0 2.2 19.3 0.0 
28-03-2018 15.0 75.4 1.1 23.4 0.0 
27-03-2018 13.1 78.3 0.8 23.4 0.0 
26-03-2018 10.6 79.2 1.1 23.1 0.0 
25-03-2018 9.7 87.2 1.5 12.4 6.6 
24-03-2018 12.1 62.7 4.4 18.9 4.8 
23-03-2018 9.5 93.6 2.6 11.8 4.2 
22-03-2018 9.0 63.3 1.5 23.2 0.0 
21-03-2018 9.6 53.7 2.1 23.6 0.0 
20-03-2018 8.1 68.8 2.0 18.3 0.8 
19-03-2018 9.9 92.2 2.7 5.9 1.4 
18-03-2018 10.7 82.6 1.6 15.7 0.4 
17-03-2018 8.8 99.4 2.6 3.3 30.0 
16-03-2018 9.3 88.2 1.5 16.2 1.2 
15-03-2018 11.5 91.8 2.6 12.4 18.4 
14-03-2018 14.9 90.6 5.2 6.4 8.4 
13-03-2018 14.6 89.8 1.8 14.6 2.6 
12-03-2018 12.0 81.8 2.3 17.4 0.2 
11-03-2018 11.5 87.2 4.0 10.5 7.0 
10-03-2018 15.2 86.1 4.2 11.0 16.2 
09-03-2018 15.1 90.9 1.9 8.0 4.6 
08-03-2018 13.2 97.2 2.8 7.0 21.8 
07-03-2018 9.4 85.9 1.1 12.7 6.6 
06-03-2018 10.4 94.0 2.2 8.0 5.0 
05-03-2018 11.6 86.7 3.6 10.2 13.2 
04-03-2018 12.8 88.5 3.4 14.8 26.4 
03-03-2018 12.9 94.7 3.2 4.5 13.4 
02-03-2018 12.7 97.0 4.1 3.5 46.8 
01-03-2018 13.7 86.9 5.5 7.1 20.2 
28-02-2018 13.7 92.6 4.0 2.8 12.2 
27-02-2018 13.9 86.7 4.0 12.9 3.2 
26-02-2018 11.1 70.1 2.3 16.2 4.6 
25-02-2018 11.1 69.8 0.7 16.0 0.0 
24-02-2018 7.7 55.6 1.5 16.4 0.0 
23-02-2018 6.9 49.1 2.1 18.2 0.0 
22-02-2018 7.2 56.2 1.1 17.9 0.0 
21-02-2018 10.7 56.8 1.9 16.2 0.0 
20-02-2018 10.8 72.4 1.0 17.0 0.0 
19-02-2018 9.4 72.3 1.1 15.9 0.0 
18-02-2018 10.0 83.4 1.0 11.2 0.0 
17-02-2018 8.3 95.3 0.8 8.7 0.0 
16-02-2018 11.2 80.0 0.8 16.1 0.0 
15-02-2018 10.5 79.8 1.1 15.3 0.0 
14-02-2018 7.1 81.5 0.7 14.9 0.0 
13-02-2018 5.9 77.3 1.2 15.9 0.0 
12-02-2018 11.2 75.3 2.1 10.0 1.4 
11-02-2018 8.1 74.7 1.2 15.2 0.0 
10-02-2018 6.8 75.9 1.0 14.7 0.0 
09-02-2018 4.1 73.7 0.9 13.4 0.0 
08-02-2018 5.9 58.6 1.9 15.1 0.0 
07-02-2018 6.6 65.6 2.9 14.4 0.0 
06-02-2018 6.3 82.5 1.1 9.2 0.0 
05-02-2018 5.4 95.4 1.2 4.5 5.2 
04-02-2018 6.9 82.0 1.3 8.6 1.0 
03-02-2018 4.7 73.3 0.8 14.0 0.0 
02-02-2018 6.9 65.0 1.4 13.3 0.0 
01-02-2018 8.4 83.4 1.6 7.6 0.0 
31-01-2018 9.8 76.4 1.5 9.3 0.0 
30-01-2018 10.2 73.3 1.6 10.4 0.0 
29-01-2018 13.1 57.2 3.3 12.7 0.0 
28-01-2018 8.9 65.4 2.8 11.8 0.0 
27-01-2018 7.7 66.2 1.6 10.1 0.0 
26-01-2018 7.9 77.9 1.7 13.1 0.0 
25-01-2018 9.5 97.6 1.6 3.7 3.8 
24-01-2018 9.7 87.1 0.9 12.0 0.2 
23-01-2018 8.8 87.2 0.5 12.4 0.2 
22-01-2018 8.7 92.5 0.7 11.2 0.2 
21-01-2018 7.3 93.7 0.6 10.8 0.2 
20-01-2018 7.8 90.6 0.8 10.7 0.2 
19-01-2018 8.5 89.2 0.6 10.7 0.0 
18-01-2018 8.9 81.4 1.1 10.3 0.0 
17-01-2018 9.4 83.5 1.7 12.0 0.0 
16-01-2018 6.5 89.1 1.0 11.6 0.2 
15-01-2018 5.2 91.0 1.1 11.6 0.2 
14-01-2018 7.7 98.2 0.5 4.2 7.6 
13-01-2018 6.2 98.0 1.1 3.1 4.6 
12-01-2018 5.6 89.1 1.2 11.0 0.0 
11-01-2018 7.8 93.2 1.4 6.0 0.2 
10-01-2018 10.8 94.2 2.4 8.9 10.6 
09-01-2018 4.4 98.3 1.3 3.1 10.2 
08-01-2018 6.3 92.2 1.5 6.2 4.6 
07-01-2018 4.2 95.9 0.9 3.1 2.0 
06-01-2018 8.3 86.7 2.3 5.1 22.8 
05-01-2018 12.9 90.8 1.5 2.3 0.2 
04-01-2018 13.1 87.1 0.9 3.1 0.0 
03-01-2018 11.9 82.4 1.4 5.6 0.0 
02-01-2018 7.5 90.6 0.5 9.8 0.0 
01-01-2018 8.1 87.9 0.7 10.4 0.2 
31-12-2017 9.6 99.6 0.7 2.4 0.6 
30-12-2017 13.6 89.7 0.8 10.2 0.0 
29-12-2017 14.8 91.7 2.1 4.5 0.0 
28-12-2017 13.7 92.1 2.8 4.4 0.0 
27-12-2017 12.3 83.4 3.5 5.2 4.0 
26-12-2017 10.6 89.6 1.6 6.3 3.6 
25-12-2017 7.2 91.5 0.8 4.2 0.4 
24-12-2017 7.5 86.6 1.0 10.2 0.2 
23-12-2017 7.5 86.7 1.1 10.0 0.0 
22-12-2017 6.4 88.0 0.5 9.7 0.2 
21-12-2017 6.9 83.5 1.1 10.4 0.2 
20-12-2017 6.3 84.2 0.9 10.3 0.0 
19-12-2017 6.6 83.5 1.1 10.4 0.0 
18-12-2017 5.9 79.3 1.4 10.7 0.0 
17-12-2017 6.6 72.3 2.0 11.0 0.0 
16-12-2017 8.9 70.1 1.9 10.8 0.0 
15-12-2017 12.5 98.9 2.3 3.0 4.4 
14-12-2017 7.4 88.2 0.6 6.6 0.0 
13-12-2017 5.6 84.6 1.0 10.7 0.0 
12-12-2017 7.2 81.5 0.9 10.8 0.0 
11-12-2017 10.8 88.2 3.6 5.8 21.5 
10-12-2017 11.9 93.5 2.3 3.7 0.5 
09-12-2017 10.7 83.5 0.7 4.1 0.0 
08-12-2017 7.0 76.3 0.7 10.1 0.0 
07-12-2017 4.9 79.8 1.0 10.5 0.0 
06-12-2017 0.0 0.0 0.0 0.0 0.0 
05-12-2017 4.6 75.1 1.1 11.2 0.0 
04-12-2017 5.1 65.6 1.8 11.3 0.0 
03-12-2017 4.1 75.0 1.4 11.6 0.2 
02-12-2017 5.2 71.6 1.3 11.4 0.0 
01-12-2017 6.2 76.9 1.4 11.4 0.2 
30-11-2017 9.1 65.2 1.8 11.5 0.0 
29-11-2017 13.5 92.1 1.2 3.8 13.6 
28-11-2017 13.0 81.8 1.4 4.3 9.2 
27-11-2017 11.6 63.3 1.2 7.6 0.0 
26-11-2017 12.7 66.6 1.6 10.4 0.0 
25-11-2017 11.7 65.6 0.9 4.9 0.0 
24-11-2017 12.9 58.8 1.0 10.8 0.0 
23-11-2017 11.7 58.5 1.2 9.5 0.0 
22-11-2017 9.6 65.9 1.0 11.4 0.0 
21-11-2017 10.4 64.5 1.1 12.1 0.0 
20-11-2017 11.1 64.9 1.3 12.2 0.0 
19-11-2017 10.5 70.0 1.0 11.9 0.0 
18-11-2017 9.8 72.9 0.7 12.1 0.0 
17-11-2017 10.1 69.0 0.9 12.1 0.0 
16-11-2017 9.9 72.8 0.8 12.3 0.0 
15-11-2017 9.8 64.6 1.2 12.5 0.0 
14-11-2017 9.8 55.4 1.6 13.0 0.0 
13-11-2017 11.5 72.4 0.9 12.7 0.2 
12-11-2017 11.4 78.7 0.9 13.0 0.2 
11-11-2017 11.1 77.7 0.9 12.9 0.0 
10-11-2017 9.9 69.8 1.0 13.2 0.0 
09-11-2017 12.2 52.5 2.2 14.1 0.0 
08-11-2017 12.2 72.0 1.1 13.8 0.0 
07-11-2017 11.9 69.4 1.4 14.2 0.0 
06-11-2017 13.5 66.5 2.0 14.4 0.0 
05-11-2017 15.1 89.3 0.9 12.6 0.2 
04-11-2017 15.8 91.2 2.0 9.4 23.6 
03-11-2017 15.9 89.6 1.0 5.1 5.4 
02-11-2017 17.2 72.6 1.1 8.7 0.0 
01-11-2017 18.0 67.5 1.6 14.0 0.0 
31-10-2017 16.6 64.1 1.1 14.5 0.0 
30-10-2017 16.0 63.1 0.8 14.5 0.2 
29-10-2017 17.0 68.7 0.5 14.9 0.0 
28-10-2017 18.6 58.9 0.9 15.6 0.0 
27-10-2017 17.8 64.7 0.7 15.7 0.0 
26-10-2017 18.1 62.5 0.8 15.8 0.0 
25-10-2017 18.6 61.0 1.0 16.0 0.0 
24-10-2017 18.8 63.6 1.0 15.9 0.0 
23-10-2017 18.7 69.3 1.2 16.1 0.0 
22-10-2017 19.1 75.1 0.9 16.3 0.0 
21-10-2017 20.5 76.9 1.2 14.9 0.2 
20-10-2017 18.3 83.1 0.7 12.9 0.0 
19-10-2017 17.4 80.2 1.8 16.5 0.2 
18-10-2017 17.3 90.1 2.1 8.0 14.0 
17-10-2017 20.6 64.8 1.8 7.7 12.8 
16-10-2017 20.9 46.6 1.5 16.8 0.0 
15-10-2017 24.1 35.8 1.7 16.4 0.0 
14-10-2017 23.8 38.6 1.1 12.8 0.0 
13-10-2017 22.8 39.4 1.2 13.8 0.0 
12-10-2017 23.4 35.5 1.3 10.6 0.0 
11-10-2017 22.2 40.7 1.0 17.6 0.0 
10-10-2017 21.4 42.0 0.9 17.4 0.0 
09-10-2017 20.6 53.2 0.8 17.5 0.0 
08-10-2017 22.5 54.8 0.8 17.5 0.0 
07-10-2017 24.3 43.4 1.8 18.4 0.0 
06-10-2017 23.5 47.5 0.9 18.5 0.0 
05-10-2017 23.5 53.0 1.3 19.3 0.0 
04-10-2017 24.3 53.7 1.4 18.5 0.0 
03-10-2017 24.2 53.4 0.9 19.1 0.0 
02-10-2017 24.3 50.5 1.4 19.5 0.0 
01-10-2017 24.6 45.5 1.1 17.3 0.0 
30-09-2017 23.3 54.8 0.8 17.4 0.0 
29-09-2017 23.5 58.1 0.8 17.6 0.0 
28-09-2017 24.5 50.3 1.5 15.8 0.0 
27-09-2017 20.9 48.5 1.1 9.2 0.0 
26-09-2017 21.6 41.4 1.1 21.1 0.0 
25-09-2017 23.1 50.3 1.4 20.7 0.0 
24-09-2017 23.5 53.8 0.9 20.2 0.0 
23-09-2017 23.3 54.6 0.8 19.7 0.0 
22-09-2017 22.9 44.8 1.0 20.4 0.0 
21-09-2017 22.8 41.1 1.0 20.7 0.0 
20-09-2017 23.0 42.5 1.1 20.7 0.0 
19-09-2017 21.9 46.8 0.8 21.2 0.0 
18-09-2017 20.7 49.6 1.7 21.9 0.2 
17-09-2017 20.1 49.0 1.5 21.9 0.0 
16-09-2017 19.4 44.1 2.1 22.8 0.0 
15-09-2017 22.2 45.4 2.1 22.9 0.0 
14-09-2017 25.0 48.0 1.8 21.5 0.0 
13-09-2017 25.9 34.7 1.3 22.9 0.0 
12-09-2017 25.6 31.0 1.1 23.4 0.0 
11-09-2017 23.8 37.9 1.1 23.5 0.0 
10-09-2017 22.2 38.5 1.5 23.4 0.0 
09-09-2017 22.3 45.2 2.7 15.7 0.0 
08-09-2017 26.9 42.9 1.5 22.4 0.0 
07-09-2017 28.5 41.2 1.5 22.1 0.0 
06-09-2017 28.6 48.2 1.0 22.8 0.0 
05-09-2017 27.2 52.8 1.1 23.4 0.0 
04-09-2017 25.5 53.7 1.6 24.2 0.0 
03-09-2017 27.1 55.8 1.3 20.8 0.0 
02-09-2017 26.7 59.3 1.4 23.6 0.0 
01-09-2017 26.2 59.3 1.1 23.5 0.0 
31-08-2017 24.8 61.9 1.0 24.4 0.0 
30-08-2017 22.8 70.0 0.0 23.0 0.0 
29-08-2017 21.1 75.8 1.3 18.0 0.0 
28-08-2017 21.0 82.1 1.5 6.3 5.6 
27-08-2017 27.1 49.1 1.9 9.2 1.0 
26-08-2017 29.7 33.1 1.3 16.4 0.4 
25-08-2017 28.4 34.6 1.6 21.4 0.2 
24-08-2017 29.4 33.4 1.8 24.6 0.0 
23-08-2017 29.6 38.7 1.4 25.2 0.0 
22-08-2017 28.7 43.0 1.3 25.6 0.0 
21-08-2017 29.8 43.1 1.5 25.6 0.0 
20-08-2017 30.2 41.8 1.6 25.1 0.2 
19-08-2017 30.4 36.9 1.3 25.0 0.0 
18-08-2017 29.4 43.6 1.2 26.1 0.0 
17-08-2017 28.8 27.6 1.3 26.3 0.0 
16-08-2017 27.7 38.0 1.3 26.7 0.0 
15-08-2017 29.2 45.6 1.8 24.9 0.0 
14-08-2017 28.0 47.8 1.6 26.1 0.2 
13-08-2017 27.8 39.8 1.4 26.5 0.0 
12-08-2017 27.2 38.5 1.3 27.1 0.0 
11-08-2017 26.8 44.6 1.0 27.8 0.2 
10-08-2017 26.3 39.0 1.6 27.5 0.0 
09-08-2017 24.8 32.7 2.3 28.3 0.0 
08-08-2017 27.5 23.6 1.8 28.5 0.0 
07-08-2017 30.0 26.0 2.0 24.4 0.0 
06-08-2017 31.1 29.8 1.6 28.6 0.0 
05-08-2017 32.7 31.3 2.1 28.0 0.0 
04-08-2017 31.2 28.7 1.2 28.5 0.0 
03-08-2017 29.7 28.7 1.2 28.7 0.0 
02-08-2017 27.1 36.2 1.1 29.3 0.0 
01-08-2017 26.1 39.1 1.8 22.9 0.0 
31-07-2017 28.2 34.8 2.5 28.8 0.0 
30-07-2017 30.7 33.1 2.0 28.4 0.0 
29-07-2017 30.0 28.9 1.7 29.1 0.0 
28-07-2017 30.1 31.5 1.5 28.5 0.0 
27-07-2017 28.8 41.1 1.4 27.3 0.0 
26-07-2017 26.2 46.7 1.6 20.0 0.0 
25-07-2017 29.0 37.7 1.9 28.6 0.0 
24-07-2017 28.9 32.7 1.8 28.7 0.0 
23-07-2017 27.9 36.7 1.7 29.5 0.0 
22-07-2017 25.3 43.1 1.4 29.5 0.0 
21-07-2017 24.5 45.5 3.0 29.7 0.0 
20-07-2017 26.3 47.3 2.7 29.8 0.0 
19-07-2017 28.2 44.5 3.5 29.3 0.0 
18-07-2017 30.9 32.4 2.4 22.7 0.0 
17-07-2017 30.4 34.1 1.6 24.2 0.0 
16-07-2017 30.3 42.0 1.5 28.9 0.0 
15-07-2017 30.3 41.8 2.4 28.4 0.0 
14-07-2017 32.8 29.0 2.4 29.5 0.0 
13-07-2017 33.1 29.6 1.9 29.0 0.0 
12-07-2017 31.4 32.9 1.1 28.7 0.0 
11-07-2017 28.3 39.3 1.2 30.2 0.0 
10-07-2017 28.0 43.1 1.7 30.6 0.0 
09-07-2017 25.7 57.5 2.1 26.7 0.0 
08-07-2017 24.1 59.5 2.8 27.3 0.0 
07-07-2017 23.9 55.6 2.6 29.5 0.0 
06-07-2017 21.9 78.6 2.2 11.4 0.0 
05-07-2017 26.6 48.2 2.7 24.7 0.0 
04-07-2017 27.2 35.6 1.7 30.8 0.2 
03-07-2017 27.1 30.5 1.7 30.6 0.0 
02-07-2017 26.4 25.1 2.1 31.6 0.0 
01-07-2017 25.5 25.9 2.3 31.4 0.0 
30-06-2017 22.2 32.0 1.9 31.3 0.0 
29-06-2017 22.6 34.4 2.7 31.7 0.0 
28-06-2017 24.0 50.4 3.8 29.4 0.0 
27-06-2017 24.5 51.7 3.0 28.2 0.0 
26-06-2017 26.9 37.4 2.4 30.9 0.0 
25-06-2017 30.5 30.2 2.5 24.1 0.0 
24-06-2017 31.3 28.4 1.7 25.4 0.0 
23-06-2017 28.6 40.8 1.6 30.6 0.0 
22-06-2017 28.2 49.0 2.1 30.3 0.0 
21-06-2017 28.8 41.1 2.1 29.8 0.0 
20-06-2017 30.0 36.1 1.7 29.7 0.0 
19-06-2017 30.6 36.4 1.4 29.6 0.0 
18-06-2017 31.4 35.6 1.4 29.4 0.0 
17-06-2017 31.4 39.3 1.3 30.0 0.0 
16-06-2017 32.5 35.8 1.3 27.9 9.2 
15-06-2017 29.7 47.8 1.5 29.5 0.0 
14-06-2017 28.1 49.0 2.1 29.3 0.0 
13-06-2017 28.3 41.4 1.8 29.8 0.0 
12-06-2017 29.0 30.9 1.5 29.9 0.0 
11-06-2017 28.7 38.9 1.1 28.9 0.0 
10-06-2017 27.7 40.8 1.2 29.0 0.0 
09-06-2017 26.8 43.9 1.4 26.3 0.0 
08-06-2017 27.1 33.4 1.8 28.5 0.0 
07-06-2017 26.0 42.9 1.4 30.5 0.0 
06-06-2017 23.5 48.8 1.2 30.7 0.0 
05-06-2017 23.2 44.0 1.9 30.6 0.0 
04-06-2017 23.5 46.6 2.5 30.1 0.0 
03-06-2017 25.9 45.7 2.1 30.0 0.0 
02-06-2017 26.8 48.5 1.9 28.7 0.0 
01-06-2017 25.6 48.0 1.3 29.0 0.0 
31-05-2017 24.5 44.7 1.0 29.8 0.0 
30-05-2017 22.8 58.7 1.3 28.1 0.0 
29-05-2017 21.3 63.5 2.6 29.5 0.0 
28-05-2017 21.8 63.5 2.4 22.0 0.0 
27-05-2017 23.8 63.4 1.7 27.6 0.0 
26-05-2017 22.3 68.1 2.3 27.7 0.0 
25-05-2017 25.8 46.1 1.6 28.2 0.0 
24-05-2017 25.6 43.3 1.6 28.6 0.0 
23-05-2017 23.6 53.4 1.3 29.3 0.0 
22-05-2017 22.5 51.4 1.1 30.3 0.0 
21-05-2017 22.2 42.8 1.6 11.0 0.0 
20-05-2017 21.4 46.5 1.4 30.6 0.0 
19-05-2017 19.3 46.5 1.1 31.0 0.0 
18-05-2017 21.1 44.3 2.5 30.1 0.0 
17-05-2017 21.8 53.0 0.9 26.4 0.0 
16-05-2017 23.0 47.9 1.3 25.3 0.0 
15-05-2017 22.3 54.7 1.4 27.2 0.0 
14-05-2017 19.3 70.8 1.0 28.8 0.0 
13-05-2017 18.4 73.2 2.3 22.9 0.6 
12-05-2017 17.0 82.6 2.9 15.5 14.6 
11-05-2017 17.0 79.5 3.8 18.9 10.8 
10-05-2017 17.2 87.5 2.2 9.1 19.2 
09-05-2017 19.6 61.4 3.2 29.2 0.0 
08-05-2017 20.9 52.6 1.1 28.8 0.0 
07-05-2017 20.6 49.7 1.4 29.2 0.0 
06-05-2017 17.3 71.1 0.9 26.8 0.0 
05-05-2017 18.1 72.8 3.0 17.8 0.8 
04-05-2017 19.8 61.6 1.9 23.9 0.0 
03-05-2017 19.5 59.4 1.1 28.2 0.0 
02-05-2017 17.3 66.2 0.9 28.6 0.2 
01-05-2017 15.0 68.0 0.9 29.1 0.0 
30-04-2017 14.4 82.8 2.7 12.3 3.4 
29-04-2017 14.4 91.6 1.8 7.9 17.0 
28-04-2017 12.8 95.1 2.4 5.1 34.8 
27-04-2017 16.9 75.0 1.2 14.1 12.0 
26-04-2017 18.1 62.1 2.9 20.3 0.0 
25-04-2017 18.3 67.2 3.3 22.2 0.0 
24-04-2017 19.1 58.5 1.1 21.2 0.0 
23-04-2017 20.2 51.7 1.0 24.1 0.0 
22-04-2017 18.5 49.8 1.9 26.3 0.2 
21-04-2017 0.0 0.0 0.0 0.0 0.0 
20-04-2017 0.0 0.0 0.0 0.0 0.0 
19-04-2017 19.6 50.0 1.9 23.2 0.0 
18-04-2017 21.2 49.4 1.2 24.2 0.0 
17-04-2017 20.2 59.8 1.0 25.9 0.0 
16-04-2017 19.8 57.0 1.2 21.7 0.0 
15-04-2017 18.8 64.8 1.3 24.4 0.0 
14-04-2017 18.0 73.9 1.7 18.2 0.0 
13-04-2017 18.7 59.1 1.9 23.9 0.0 
12-04-2017 19.2 50.8 0.8 25.7 0.0 
11-04-2017 18.1 50.5 0.8 25.8 0.0 
10-04-2017 17.2 54.1 1.2 26.2 0.0 
09-04-2017 16.2 57.6 1.1 25.6 0.0 
08-04-2017 15.4 55.9 1.0 25.5 0.0 
07-04-2017 15.7 57.3 1.4 25.3 0.0 
06-04-2017 16.0 49.4 2.0 25.5 0.0 
05-04-2017 15.8 49.3 1.8 25.2 0.0 
04-04-2017 15.4 52.8 1.3 25.4 0.0 
03-04-2017 15.8 50.9 1.3 24.8 0.0 
02-04-2017 14.3 59.3 1.1 25.1 0.0 
01-04-2017 14.6 57.7 1.5 25.0 0.0 
31-03-2017 15.7 65.9 1.9 23.5 0.0 
30-03-2017 15.6 63.5 1.1 20.7 0.0 
29-03-2017 15.1 68.0 1.0 23.4 0.2 
28-03-2017 15.1 78.6 0.8 22.2 0.0 
27-03-2017 12.3 93.7 1.1 10.8 3.8 
26-03-2017 13.0 74.6 2.5 21.1 3.0 
25-03-2017 9.3 85.2 1.7 8.4 5.0 
24-03-2017 8.3 72.0 1.5 19.7 0.0 
23-03-2017 7.5 75.6 1.7 17.1 1.4 
22-03-2017 11.0 71.9 2.5 18.3 1.6 
21-03-2017 14.5 72.2 2.8 18.2 0.0 
20-03-2017 15.3 70.6 2.2 21.6 0.0 
19-03-2017 14.1 68.4 1.0 22.0 0.0 
18-03-2017 14.2 62.3 1.6 21.2 0.0 
17-03-2017 13.3 58.2 1.4 17.2 0.0 
16-03-2017 12.7 65.6 1.4 18.2 0.0 
15-03-2017 16.2 48.9 3.3 21.4 0.0 
14-03-2017 11.3 84.4 1.7 6.0 5.8 
13-03-2017 10.8 67.8 2.4 5.6 2.4 
12-03-2017 15.6 64.8 1.8 20.0 0.0 
11-03-2017 15.9 73.6 1.1 18.8 0.2 
10-03-2017 16.7 69.7 1.2 20.5 0.0 
09-03-2017 15.9 74.3 1.0 20.1 0.0 
08-03-2017 15.7 76.2 1.6 20.5 0.2 
07-03-2017 14.0 84.2 0.9 19.3 0.2 
06-03-2017 14.1 89.4 0.7 13.3 0.0 
05-03-2017 10.1 97.4 0.6 8.0 0.2 
04-03-2017 8.6 95.3 1.5 3.6 44.6 
03-03-2017 9.3 94.2 2.4 4.0 5.0 
02-03-2017 12.1 79.4 0.8 18.5 0.0 
01-03-2017 11.8 80.3 0.7 18.5 0.0 
28-02-2017 11.0 84.6 1.2 8.5 0.0 
27-02-2017 11.6 87.4 0.9 8.4 0.0 
26-02-2017 12.9 89.7 1.0 11.4 0.0 
25-02-2017 12.5 95.7 1.1 5.7 0.2 
24-02-2017 11.8 94.1 0.8 11.4 0.2 
23-02-2017 13.2 85.1 1.0 3.2 3.2 
22-02-2017 14.8 58.8 1.2 13.2 0.0 
21-02-2017 14.3 56.7 2.1 14.6 0.0 
20-02-2017 12.6 56.4 2.9 7.0 0.0 
19-02-2017 12.5 72.5 2.1 12.1 0.6 
18-02-2017 10.9 83.5 0.9 12.0 13.2 
17-02-2017 11.2 78.9 0.6 15.4 0.2 
16-02-2017 11.1 71.9 1.1 10.9 0.0 
15-02-2017 11.7 71.2 1.5 13.7 0.0 
14-02-2017 11.4 78.3 1.3 14.2 0.0 
13-02-2017 12.4 82.3 2.0 10.4 5.8 
12-02-2017 11.9 87.6 1.5 3.1 12.2 
11-02-2017 10.6 77.0 1.7 6.9 0.0 
10-02-2017 8.1 84.3 1.5 4.9 2.6 
09-02-2017 8.1 62.1 1.8 13.7 0.0 
08-02-2017 9.4 65.1 1.3 15.8 0.2 
07-02-2017 10.1 81.6 0.9 11.8 0.0 
06-02-2017 9.8 77.5 1.3 14.6 0.0 
05-02-2017 13.2 74.3 3.6 13.3 3.4 
04-02-2017 14.3 86.2 4.1 5.1 3.4 
03-02-2017 13.7 84.1 2.9 6.2 1.2 
02-02-2017 12.1 93.6 2.1 2.9 4.2 
01-02-2017 10.3 83.6 1.1 7.4 0.2 
31-01-2017 10.5 80.1 1.3 13.6 0.2 
30-01-2017 10.2 82.7 0.9 13.0 0.2 
29-01-2017 10.3 82.7 0.9 10.7 0.0 
28-01-2017 8.7 83.4 1.1 12.7 0.0 
27-01-2017 9.5 86.0 2.1 6.0 14.2 
26-01-2017 7.7 71.5 1.8 5.8 3.6 
25-01-2017 5.5 73.2 1.0 13.0 0.0 
24-01-2017 5.4 74.9 0.7 12.7 0.2 
23-01-2017 5.5 76.6 0.7 12.3 0.0 
22-01-2017 6.3 73.4 1.2 12.5 0.2 
21-01-2017 7.1 72.6 0.9 10.8 0.0 
20-01-2017 7.4 68.6 1.0 9.4 0.0 
19-01-2017 6.4 58.0 1.7 5.4 0.0 
18-01-2017 4.3 41.8 2.5 12.8 0.0 
17-01-2017 7.1 66.3 1.1 11.7 0.0 
16-01-2017 5.8 71.7 0.8 12.0 0.0 
15-01-2017 5.8 63.9 1.2 12.0 0.0 
14-01-2017 7.5 60.4 1.9 11.9 0.0 
13-01-2017 8.3 77.9 1.2 11.3 0.2 
12-01-2017 8.9 80.3 0.7 11.0 0.2 
11-01-2017 8.5 77.7 0.8 10.3 0.0 
10-01-2017 6.0 79.2 0.6 8.6 0.2 
09-01-2017 6.4 76.9 0.6 11.5 0.2 
08-01-2017 6.8 80.5 1.0 11.2 0.2 
07-01-2017 7.9 81.1 1.0 10.3 0.0 
06-01-2017 8.9 77.1 1.5 10.7 0.2 
05-01-2017 9.6 83.3 1.0 10.7 0.0 
04-01-2017 10.5 79.7 0.6 8.3 0.0 
03-01-2017 9.3 70.7 1.4 7.1 0.0 
02-01-2017 7.7 73.6 1.6 9.7 0.2 
01-01-2017 6.3 78.5 1.7 10.4 0.0 
31-12-2016 6.0 80.7 1.0 10.8 0.2 
30-12-2016 7.7 78.8 1.3 11.0 0.2 
29-12-2016 8.8 77.9 1.3 10.6 0.2 
28-12-2016 8.0 81.0 0.7 8.3 0.0 
27-12-2016 8.1 79.7 0.9 10.5 0.2 
26-12-2016 8.4 80.5 1.2 10.8 0.2 
25-12-2016 9.1 80.6 1.4 10.8 0.4 
24-12-2016 9.3 80.7 1.2 10.5 0.0 
23-12-2016 8.9 78.5 1.0 10.4 0.2 
22-12-2016 8.4 80.0 1.3 9.8 0.0 
21-12-2016 7.3 81.6 0.8 9.7 0.2 
20-12-2016 7.7 83.6 0.7 9.7 0.2 
19-12-2016 10.4 75.7 1.1 6.6 0.0 
18-12-2016 11.5 66.5 2.2 4.6 0.0 
17-12-2016 10.3 78.3 2.0 4.3 0.0 
16-12-2016 9.7 87.7 1.2 6.1 10.8 
15-12-2016 10.1 89.1 1.0 4.8 0.0 
14-12-2016 10.0 85.2 1.5 2.2 15.6 
13-12-2016 9.4 85.4 0.9 9.3 0.2 
12-12-2016 10.0 83.9 0.8 10.5 0.2 
11-12-2016 10.6 84.8 0.8 10.4 0.2 
10-12-2016 11.5 82.4 1.0 10.3 0.2 
09-12-2016 12.0 75.9 1.5 10.6 0.2 
08-12-2016 11.3 77.9 1.6 10.1 0.2 
07-12-2016 12.0 82.6 1.1 9.7 0.2 
06-12-2016 13.5 82.3 1.1 10.6 0.2 
05-12-2016 14.7 77.2 1.3 10.3 0.2 
04-12-2016 14.4 87.5 1.4 6.9 3.8 
03-12-2016 13.5 84.4 1.6 3.5 7.2 
02-12-2016 14.2 85.4 1.2 9.4 2.6 
01-12-2016 14.1 78.9 1.0 5.8 1.2 
30-11-2016 13.2 71.0 1.8 8.9 0.2 
29-11-2016 11.5 83.8 1.4 10.2 0.0 
28-11-2016 11.7 84.9 1.0 6.2 0.0 
27-11-2016 12.1 87.1 1.3 5.3 0.8 
26-11-2016 12.2 89.1 1.7 4.3 11.4 
25-11-2016 9.9 86.7 2.1 3.9 22.2 
24-11-2016 8.8 81.5 1.2 10.6 0.0 
23-11-2016 11.0 80.9 1.7 10.9 0.2 
22-11-2016 12.5 87.4 0.8 4.6 20.6 
21-11-2016 15.3 88.4 3.5 3.0 50.2 
20-11-2016 11.8 90.4 2.0 1.5 6.8 
19-11-2016 12.0 76.1 0.8 12.0 0.0 
18-11-2016 11.3 70.9 0.8 11.8 0.0 
17-11-2016 10.4 68.7 0.8 12.6 0.0 
16-11-2016 11.3 62.0 1.3 13.2 0.0 
15-11-2016 12.0 61.4 1.7 13.1 0.0 
14-11-2016 12.7 68.5 1.7 13.1 0.2 
13-11-2016 13.1 78.7 0.8 11.8 0.0 
12-11-2016 10.6 82.9 0.7 11.1 0.2 
11-11-2016 10.0 85.0 0.9 12.8 0.2 
10-11-2016 11.8 87.1 0.6 10.3 0.0 
09-11-2016 10.2 84.8 0.9 4.8 2.4 
08-11-2016 8.4 76.6 0.8 14.0 0.0 
07-11-2016 9.9 68.9 1.3 13.8 0.2 
06-11-2016 12.2 75.2 1.6 13.1 0.0 
05-11-2016 16.7 87.2 2.4 6.9 26.0 
04-11-2016 18.5 73.1 1.7 5.6 0.6 
03-11-2016 18.4 65.6 1.4 10.8 0.0 
02-11-2016 17.6 66.6 1.2 13.5 0.0 
01-11-2016 16.6 65.3 1.8 11.7 0.0 
31-10-2016 16.3 63.4 1.1 15.2 0.0 
30-10-2016 16.7 66.7 0.9 15.5 0.2 
29-10-2016 18.7 72.3 0.9 14.8 0.0 
28-10-2016 20.3 74.8 0.9 12.8 0.0 
27-10-2016 21.8 71.1 1.1 11.9 0.2 
26-10-2016 21.8 75.9 1.0 14.0 0.0 
25-10-2016 19.4 79.1 1.0 10.3 0.0 
24-10-2016 16.4 83.0 2.0 10.1 11.8 
23-10-2016 16.3 88.4 2.1 3.0 29.2 
22-10-2016 18.1 85.3 1.1 3.0 16.0 
21-10-2016 19.7 72.0 0.9 10.7 0.0 
20-10-2016 20.7 69.5 0.8 13.2 0.0 
19-10-2016 21.7 63.7 0.8 11.0 0.2 
18-10-2016 20.5 63.8 0.9 11.5 0.0 
17-10-2016 18.3 71.1 0.7 12.5 0.0 
16-10-2016 18.5 64.8 1.0 16.2 0.0 
15-10-2016 16.4 69.9 1.1 17.4 0.2 
14-10-2016 17.1 71.7 1.7 14.8 0.0 
13-10-2016 17.0 78.3 2.3 11.9 6.0 
12-10-2016 16.6 80.6 1.9 3.9 20.0 
11-10-2016 18.0 67.1 1.9 13.1 0.0 
10-10-2016 18.6 56.4 1.5 17.5 0.2 
09-10-2016 19.5 51.8 1.7 18.2 0.0 
08-10-2016 21.4 46.4 1.3 17.3 0.0 
07-10-2016 21.6 52.9 1.1 17.8 0.0 
06-10-2016 22.8 51.8 1.2 18.0 0.0 
05-10-2016 23.3 44.0 1.4 18.2 0.0 
04-10-2016 23.0 41.6 1.0 18.4 0.0 
03-10-2016 22.6 43.5 1.5 19.3 0.0 
02-10-2016 22.1 52.2 1.1 19.3 0.0 
01-10-2016 22.8 46.2 1.3 19.4 0.0 
30-09-2016 22.7 44.9 1.3 20.2 0.0 
29-09-2016 24.2 40.9 2.6 20.0 0.0 
28-09-2016 24.1 45.2 1.8 18.8 0.0 
27-09-2016 25.0 40.2 1.3 20.5 0.0 
26-09-2016 25.4 36.2 1.1 19.0 0.0 
25-09-2016 23.1 46.2 0.8 18.5 0.0 
24-09-2016 23.2 46.3 0.9 20.8 0.0 
23-09-2016 21.9 58.2 1.1 20.5 0.0 
22-09-2016 21.7 58.8 2.6 20.9 0.0 
21-09-2016 22.5 43.4 1.7 21.9 0.0 
20-09-2016 23.7 53.6 2.5 20.0 0.0 
19-09-2016 23.1 40.1 2.4 19.0 0.0 
18-09-2016 24.4 33.7 1.7 22.6 0.0 
17-09-2016 23.9 38.6 1.4 23.0 0.0 
16-09-2016 20.6 49.9 1.4 22.9 0.0 
15-09-2016 18.6 49.0 1.6 20.0 0.0 
14-09-2016 18.6 51.0 2.0 18.3 0.0 
13-09-2016 21.9 68.0 3.2 12.9 3.0 
12-09-2016 27.1 51.4 2.7 22.2 0.0 
11-09-2016 26.4 40.7 1.4 22.4 0.0 
10-09-2016 24.9 41.6 1.3 23.6 0.0 
09-09-2016 24.7 41.2 1.8 21.0 0.0 
08-09-2016 26.9 50.4 2.5 21.8 0.0 
07-09-2016 29.8 34.7 2.5 21.8 0.0 
06-09-2016 32.0 27.1 1.8 22.4 0.0 
05-09-2016 30.4 29.6 0.9 22.9 0.0 
04-09-2016 30.3 31.6 1.1 23.0 0.0 
03-09-2016 29.2 38.0 1.0 21.9 0.0 
02-09-2016 28.1 46.6 1.0 23.6 0.0 
01-09-2016 27.3 45.3 1.3 23.5 0.0 
31-08-2016 24.7 47.8 1.5 23.8 0.0 
30-08-2016 26.9 35.3 2.0 24.6 0.0 
29-08-2016 27.9 42.8 1.3 24.7 0.0 
28-08-2016 29.8 38.4 1.6 22.9 0.0 
27-08-2016 30.0 39.2 1.3 23.0 0.0 
26-08-2016 28.3 42.7 1.3 21.2 0.0 
25-08-2016 27.7 40.8 1.3 24.9 0.0 
24-08-2016 27.9 46.6 1.5 26.0 0.0 
23-08-2016 29.3 42.9 1.3 25.4 0.0 
22-08-2016 29.2 52.1 1.5 25.2 0.0 
21-08-2016 27.8 38.7 1.2 26.3 0.0 
20-08-2016 28.5 42.2 1.7 26.1 0.0 
19-08-2016 27.5 41.9 1.7 26.4 0.0 
18-08-2016 29.0 40.9 1.8 26.2 0.0 
17-08-2016 27.7 43.2 1.6 25.6 0.0 
16-08-2016 29.5 41.3 2.3 24.6 0.2 
15-08-2016 28.0 45.3 1.7 18.8 0.0 
14-08-2016 27.7 46.7 1.6 25.1 0.0 
13-08-2016 27.9 42.1 1.5 26.8 0.0 
12-08-2016 27.8 45.2 1.8 26.9 0.0 
11-08-2016 28.0 40.9 1.6 26.6 0.0 
10-08-2016 27.6 43.5 2.0 25.7 0.0 
09-08-2016 29.0 31.7 1.9 27.4 0.0 
08-08-2016 28.6 40.3 1.7 28.1 0.0 
07-08-2016 29.5 40.2 1.8 27.4 0.0 
06-08-2016 30.4 43.3 1.5 27.0 0.0 
05-08-2016 30.7 37.0 1.8 27.9 0.0 
04-08-2016 29.8 38.7 2.0 27.5 0.0 
03-08-2016 29.4 43.7 2.0 28.2 0.0 
02-08-2016 29.2 38.4 1.4 27.9 0.0 
01-08-2016 28.8 34.7 1.3 29.6 0.0 
31-07-2016 28.6 41.1 2.0 27.8 0.0 
30-07-2016 27.2 51.0 2.8 26.7 0.0 
29-07-2016 29.9 41.9 2.2 26.4 0.0 
28-07-2016 29.7 39.5 1.6 28.2 0.0 
27-07-2016 29.2 38.6 2.2 27.9 0.0 
26-07-2016 30.6 30.5 1.6 28.9 0.0 
25-07-2016 29.7 34.7 1.3 28.7 0.0 
24-07-2016 29.7 42.2 1.5 28.3 0.0 
23-07-2016 28.4 45.0 1.1 28.6 0.0 
22-07-2016 28.0 36.2 2.1 29.3 0.0 
21-07-2016 29.8 38.2 2.1 29.2 0.0 
20-07-2016 30.7 36.6 2.5 18.7 0.4 
19-07-2016 31.1 33.4 1.9 19.1 0.0 
18-07-2016 28.8 36.9 1.8 28.8 0.0 
17-07-2016 28.8 37.7 1.8 28.7 0.0 
16-07-2016 28.4 42.5 1.9 29.1 0.0 
15-07-2016 28.5 41.9 1.7 29.1 0.0 
14-07-2016 29.0 44.4 1.4 29.1 0.0 
13-07-2016 29.4 23.0 1.7 30.5 0.0 
12-07-2016 29.7 30.0 2.1 30.4 0.0 
11-07-2016 30.6 38.5 2.1 29.1 0.0 
10-07-2016 31.1 37.9 1.7 28.9 0.0 
09-07-2016 30.6 38.2 1.5 29.5 0.0 
08-07-2016 27.3 53.4 1.6 29.0 0.0 
07-07-2016 25.8 55.1 2.4 14.7 0.0 
06-07-2016 28.2 51.8 2.1 25.3 0.0 
05-07-2016 28.2 51.9 2.4 28.5 0.0 
04-07-2016 28.1 49.1 2.8 28.1 0.0 
03-07-2016 31.4 34.3 2.6 27.0 0.0 
02-07-2016 28.5 38.4 1.0 27.9 0.0 
01-07-2016 26.5 43.5 1.8 30.3 0.0 
30-06-2016 26.7 49.2 2.5 28.1 0.0 
29-06-2016 27.9 49.7 2.6 27.8 0.0 
28-06-2016 27.6 47.6 1.6 16.0 0.2 
27-06-2016 27.4 43.8 1.8 28.2 0.0 
26-06-2016 23.3 51.1 2.1 28.3 0.0 
25-06-2016 26.1 41.2 1.9 29.7 0.0 
24-06-2016 27.0 43.2 1.7 28.7 0.0 
23-06-2016 25.8 35.7 1.2 28.9 0.0 
22-06-2016 25.8 33.8 2.0 29.9 0.0 
21-06-2016 26.2 34.8 1.4 28.8 0.0 
20-06-2016 26.0 36.5 1.5 29.3 0.0 
19-06-2016 25.4 29.1 1.6 29.4 0.0 
18-06-2016 23.4 37.9 1.1 29.2 0.0 
17-06-2016 20.8 48.6 1.5 29.9 0.0 
16-06-2016 19.9 45.4 2.9 21.1 0.0 
15-06-2016 22.4 46.0 3.9 26.8 0.0 
14-06-2016 26.8 39.6 2.5 29.2 0.0 
13-06-2016 28.2 41.5 2.3 29.1 0.0 
12-06-2016 25.7 41.8 1.3 27.0 0.0 
11-06-2016 24.9 43.7 1.8 29.3 0.0 
10-06-2016 25.1 47.3 2.9 28.0 0.0 
09-06-2016 27.9 41.0 2.2 27.3 0.0 
08-06-2016 26.8 39.0 1.3 28.4 0.0 
07-06-2016 26.1 40.5 1.5 29.7 0.0 
06-06-2016 24.0 48.2 1.3 29.0 0.0 
05-06-2016 22.9 50.2 1.4 27.9 0.0 
04-06-2016 20.9 56.2 2.7 29.9 0.0 
03-06-2016 21.5 56.3 3.9 28.8 0.0 
02-06-2016 23.0 44.3 1.5 27.1 0.0 
01-06-2016 22.8 42.0 1.4 31.1 0.0 
31-05-2016 22.1 42.9 1.5 30.7 0.0 
30-05-2016 19.4 56.0 1.2 26.8 0.0 
29-05-2016 18.2 62.8 2.2 26.1 0.0 
28-05-2016 17.6 71.4 2.4 15.6 4.0 
27-05-2016 19.6 57.7 2.3 28.9 0.0 
26-05-2016 19.2 60.7 2.1 23.2 0.0 
25-05-2016 20.0 58.3 2.2 28.0 0.0 
24-05-2016 21.2 59.7 2.5 27.1 0.0 
23-05-2016 21.8 42.7 1.9 29.4 0.0 
22-05-2016 21.5 54.3 2.3 23.1 0.0 
21-05-2016 22.9 50.8 2.1 29.2 0.0 
20-05-2016 23.2 51.0 1.6 29.4 0.0 
19-05-2016 21.4 58.5 1.2 29.1 0.0 
18-05-2016 21.8 52.7 1.8 27.9 0.0 
17-05-2016 21.3 54.3 1.3 28.3 0.2 
16-05-2016 20.3 60.9 1.1 29.3 0.0 
15-05-2016 17.8 73.3 0.9 24.2 0.0 
14-05-2016 16.0 74.4 1.1 23.5 0.2 
13-05-2016 14.4 79.8 2.3 20.7 1.8 
12-05-2016 13.8 84.7 2.4 14.2 14.8 
11-05-2016 13.2 82.6 1.9 12.3 8.4 
10-05-2016 13.6 84.1 2.1 9.6 10.6 
09-05-2016 14.2 82.9 1.6 8.5 11.6 
08-05-2016 15.1 86.4 2.1 10.2 25.6 
07-05-2016 15.9 77.3 2.3 10.3 1.4 
06-05-2016 16.1 83.9 2.3 8.4 13.8 
05-05-2016 18.5 52.9 1.3 9.4 0.0 
04-05-2016 19.7 37.0 1.4 16.5 0.0 
03-05-2016 19.7 38.7 1.3 29.8 0.0 
02-05-2016 18.1 32.5 2.1 30.2 0.0 
01-05-2016 18.3 36.0 3.0 29.5 0.0 
30-04-2016 20.3 56.3 1.1 25.3 0.0 
29-04-2016 18.1 63.7 1.3 13.4 0.0 
28-04-2016 18.3 63.0 1.5 26.5 0.0 
27-04-2016 18.8 59.2 1.9 21.9 0.0 
26-04-2016 18.6 59.2 1.3 27.8 0.0 
25-04-2016 18.5 51.2 1.5 28.5 0.0 
24-04-2016 18.4 59.1 1.5 27.5 0.0 
23-04-2016 17.3 70.5 1.3 14.9 0.0 
22-04-2016 17.4 66.3 1.3 23.3 0.0 
21-04-2016 15.4 67.7 0.9 24.8 0.0 
20-04-2016 13.9 83.7 1.8 15.2 10.6 
19-04-2016 15.1 85.2 1.3 1.9 21.0 
18-04-2016 18.4 62.4 1.5 23.2 0.2 
17-04-2016 16.7 71.6 1.8 24.2 2.2 
16-04-2016 16.4 81.9 3.1 12.0 12.0 
15-04-2016 15.7 72.4 2.3 19.0 0.2 
14-04-2016 15.0 73.5 1.2 25.7 0.0 
13-04-2016 14.4 78.5 1.3 15.0 10.4 
12-04-2016 13.6 80.3 2.0 8.6 12.0 
11-04-2016 12.8 79.7 1.9 11.5 10.6 
10-04-2016 12.9 72.9 2.5 12.2 1.0 
09-04-2016 14.2 54.3 1.6 25.4 0.0 
08-04-2016 15.1 45.6 2.0 25.7 0.0 
07-04-2016 16.6 61.9 1.1 25.0 0.0 
06-04-2016 16.6 52.5 1.4 24.5 0.0 
05-04-2016 14.1 62.7 2.1 20.3 0.0 
04-04-2016 12.6 84.3 3.2 2.8 34.8 
03-04-2016 12.8 71.9 1.8 12.8 0.4 
02-04-2016 12.8 51.7 1.9 22.8 0.0 
01-04-2016 11.3 52.1 1.1 24.6 0.0 
31-03-2016 12.0 55.9 2.0 13.3 0.2 
30-03-2016 15.9 59.2 2.4 21.5 0.0 
29-03-2016 14.3 63.1 0.9 23.4 0.0 
28-03-2016 12.5 70.6 0.9 16.5 0.0 
27-03-2016 15.4 66.6 1.7 20.4 1.2 
26-03-2016 13.7 75.8 1.7 10.8 0.0 
25-03-2016 12.9 72.7 1.6 18.5 0.2 
24-03-2016 11.8 69.8 1.0 22.3 0.0 
23-03-2016 11.3 81.3 1.0 10.2 0.4 
22-03-2016 10.4 84.0 1.3 12.9 0.4 
21-03-2016 11.4 80.1 1.7 13.5 9.6 
20-03-2016 11.3 81.5 1.4 12.9 6.6 
19-03-2016 13.4 74.3 2.3 17.5 5.8 
18-03-2016 12.6 75.0 1.2 13.6 0.0 
17-03-2016 11.8 81.1 1.1 17.1 0.0 
16-03-2016 13.2 81.3 1.4 17.6 3.4 
15-03-2016 12.2 76.5 1.7 13.6 0.2 
14-03-2016 11.5 70.2 1.8 20.2 0.0 
13-03-2016 10.5 63.0 1.0 20.9 0.0 
12-03-2016 9.2 67.1 1.1 20.8 0.0 
11-03-2016 9.2 61.9 1.1 21.1 0.0 
10-03-2016 11.3 53.7 2.1 18.9 0.0 
09-03-2016 9.0 74.5 1.8 12.3 0.0 
08-03-2016 8.0 68.9 1.1 17.3 0.2 
07-03-2016 8.1 76.1 2.5 13.7 1.8 
06-03-2016 9.3 65.3 1.6 19.7 0.0 
05-03-2016 10.2 67.9 2.5 18.6 0.0 
04-03-2016 10.9 78.8 1.8 18.9 0.0 
03-03-2016 10.8 82.0 0.7 18.5 0.0 
02-03-2016 10.4 75.9 1.4 18.4 0.2 
01-03-2016 9.4 73.0 1.1 18.7 0.0 
29-02-2016 10.6 73.0 1.0 17.7 0.0 
28-02-2016 8.9 78.5 1.7 10.4 0.0 
27-02-2016 6.9 81.1 3.0 9.2 1.4 
26-02-2016 9.3 94.3 2.5 4.7 11.2 
25-02-2016 11.9 83.1 2.7 12.9 0.0 
24-02-2016 9.2 90.8 1.5 9.0 1.2 
23-02-2016 12.0 84.8 1.1 14.7 0.0 
22-02-2016 12.0 75.7 1.2 14.9 0.0 
21-02-2016 12.9 58.8 1.6 12.7 0.0 
20-02-2016 12.1 62.8 3.2 16.0 0.0 
19-02-2016 10.1 77.9 2.0 12.5 0.0 
18-02-2016 8.2 95.1 1.2 6.5 6.6 
17-02-2016 5.6 70.8 1.5 16.3 0.0 
16-02-2016 7.1 52.4 2.0 16.4 0.0 
15-02-2016 9.9 59.0 3.0 11.9 0.0 
14-02-2016 11.4 79.2 5.2 9.9 3.2 
13-02-2016 14.7 99.4 4.2 2.2 2.8 
12-02-2016 13.6 99.7 3.5 1.7 5.2 
11-02-2016 15.0 96.7 2.9 7.3 5.2 
10-02-2016 14.3 96.3 3.3 2.8 0.6 
09-02-2016 12.6 92.7 2.2 4.5 0.6 
08-02-2016 9.1 91.1 0.7 6.8 0.0 
07-02-2016 12.2 78.5 2.8 13.4 4.4 
06-02-2016 11.2 88.2 1.8 7.3 0.0 
05-02-2016 10.6 78.3 1.4 9.5 0.0 
04-02-2016 10.1 73.1 1.5 13.0 0.0 
03-02-2016 10.6 81.7 1.3 9.6 0.0 
02-02-2016 11.3 87.5 0.9 11.6 0.2 
01-02-2016 11.7 86.4 1.3 13.2 0.0 
31-01-2016 8.3 92.7 1.2 11.0 0.2 
30-01-2016 8.5 91.8 0.6 11.7 0.0 
29-01-2016 9.6 91.1 1.1 8.0 2.0 
28-01-2016 8.5 94.7 0.9 5.2 0.2 
27-01-2016 8.6 92.8 0.7 11.9 0.0 
26-01-2016 10.3 91.9 0.8 10.8 2.8 
25-01-2016 10.6 91.3 0.7 8.3 0.0 
24-01-2016 11.8 88.8 0.8 11.6 0.2 
23-01-2016 13.3 88.7 1.3 10.7 0.0 
22-01-2016 13.5 88.6 1.5 10.1 0.0 
21-01-2016 9.6 95.9 1.5 6.7 0.2 
20-01-2016 9.0 97.1 1.2 5.1 1.8 
19-01-2016 6.5 97.7 0.5 4.8 0.0 
18-01-2016 7.9 86.5 0.8 9.1 0.0 
17-01-2016 5.8 76.3 1.4 8.9 0.0 
16-01-2016 6.9 68.5 2.5 12.0 0.0 
15-01-2016 11.0 83.5 1.5 6.7 1.4 
14-01-2016 8.3 92.6 0.9 5.7 1.0 
13-01-2016 8.8 84.7 1.7 10.2 0.0 
12-01-2016 9.7 90.8 0.7 9.1 0.0 
11-01-2016 12.7 95.3 3.2 3.3 7.2 
10-01-2016 13.4 87.3 3.4 3.6 0.6 
09-01-2016 13.5 87.2 2.9 8.8 11.8 
08-01-2016 14.2 88.1 2.2 6.6 0.6 
07-01-2016 12.1 97.7 1.3 2.2 0.2 
06-01-2016 7.9 93.0 1.4 7.5 0.0 
05-01-2016 11.0 79.6 2.9 9.0 8.6 
04-01-2016 15.8 92.6 5.2 3.2 10.4 
03-01-2016 13.1 96.3 1.8 3.3 2.8 
02-01-2016 13.4 85.0 1.1 8.8 1.4 
01-01-2016 14.9 97.2 2.4 4.3 6.2 
31-12-2015 0.0 0.0 0.0 0.0 0.0 
30-12-2015 12.3 97.4 1.1 2.0 5.0 
29-12-2015 9.0 89.9 0.7 8.6 0.2 
28-12-2015 11.2 68.3 1.6 4.9 0.4 
27-12-2015 8.8 74.1 1.3 6.8 0.0 
26-12-2015 8.9 78.1 1.4 9.6 0.0 
25-12-2015 7.9 84.7 0.9 9.5 0.0 
24-12-2015 8.2 84.7 0.8 8.5 0.0 
23-12-2015 8.1 81.3 0.6 9.5 0.0 
22-12-2015 8.8 78.9 0.5 9.7 0.0 
21-12-2015 10.4 78.2 1.0 9.7 0.0 
20-12-2015 10.9 73.1 1.0 8.6 0.0 
19-12-2015 9.6 71.7 1.3 9.9 0.0 
18-12-2015 9.2 76.5 1.2 8.2 0.0 
17-12-2015 10.3 72.9 0.9 7.1 0.2 
16-12-2015 12.1 62.1 1.7 8.5 0.0 
15-12-2015 11.4 71.1 1.2 9.6 0.0 
14-12-2015 12.1 77.5 1.3 5.6 0.0 
13-12-2015 11.0 79.4 1.1 4.7 0.0 
12-12-2015 10.5 75.7 1.0 9.7 0.0 
11-12-2015 10.2 78.4 0.8 8.9 0.0 
10-12-2015 11.3 78.6 0.7 9.8 0.0 
09-12-2015 11.2 77.4 1.0 7.4 0.0 
08-12-2015 10.3 83.0 0.8 5.6 0.0 
07-12-2015 10.1 77.7 1.3 5.2 0.0 
06-12-2015 9.4 78.7 0.8 10.3 0.0 
05-12-2015 10.5 75.3 0.9 10.5 0.0 
04-12-2015 11.0 75.7 0.9 10.6 0.2 
03-12-2015 10.9 73.5 1.3 10.7 0.0 
02-12-2015 9.5 70.1 1.3 8.8 0.0 
01-12-2015 8.6 70.6 1.0 10.2 0.0 
30-11-2015 8.5 68.6 1.1 11.7 0.0 
29-11-2015 10.2 69.5 1.5 11.7 0.0 
28-11-2015 10.8 73.9 1.5 11.5 0.0 
27-11-2015 9.6 77.0 0.9 11.5 0.2 
26-11-2015 7.9 82.3 0.9 11.5 0.0 
25-11-2015 6.9 80.5 0.8 11.3 0.2 
24-11-2015 6.1 67.1 0.8 12.0 0.0 
23-11-2015 8.4 60.6 1.8 12.4 0.0 
22-11-2015 8.6 66.7 1.0 12.0 0.0 
21-11-2015 11.7 77.3 1.6 5.5 2.2 
20-11-2015 12.9 81.0 0.8 11.2 0.0 
19-11-2015 12.0 77.7 0.8 11.4 0.2 
18-11-2015 11.9 77.2 1.2 12.9 0.2 
17-11-2015 12.2 83.4 0.8 12.5 0.2 
16-11-2015 12.7 82.7 0.6 11.9 0.2 
15-11-2015 12.8 80.4 0.9 12.8 0.0 
14-11-2015 13.2 80.5 1.0 12.8 0.2 
13-11-2015 13.0 82.4 0.6 12.8 0.2 
12-11-2015 13.5 79.1 0.8 13.2 0.2 
11-11-2015 14.4 76.8 0.9 13.5 0.2 
10-11-2015 15.2 73.8 1.2 13.7 0.0 
09-11-2015 14.9 76.8 0.9 14.0 0.2 
08-11-2015 16.1 77.1 0.7 14.0 0.2 
07-11-2015 17.6 79.9 0.8 13.7 0.2 
06-11-2015 17.6 81.1 1.4 13.7 0.2 
05-11-2015 17.8 83.5 0.6 12.1 0.0 
04-11-2015 17.3 83.6 1.1 11.5 0.0 
03-11-2015 16.2 86.7 2.2 8.7 8.0 
02-11-2015 14.5 84.4 1.6 10.5 21.6 
01-11-2015 17.7 72.5 2.6 10.1 28.0 
31-10-2015 17.3 75.6 1.3 10.8 0.0 
30-10-2015 16.8 72.0 1.1 14.9 0.2 
29-10-2015 14.9 80.6 1.2 15.1 0.2 
28-10-2015 14.5 85.3 1.1 11.7 0.0 
27-10-2015 16.6 81.6 2.2 11.7 2.8 
26-10-2015 17.7 90.4 1.1 6.5 14.8 
25-10-2015 18.0 69.7 1.1 12.0 0.0 
24-10-2015 16.8 74.4 0.6 7.0 0.0 
23-10-2015 17.1 64.7 1.0 13.2 0.0 
22-10-2015 16.2 64.0 1.7 16.8 0.0 
21-10-2015 18.0 68.4 1.4 16.3 0.0 
20-10-2015 19.8 77.6 1.1 10.7 0.2 
19-10-2015 18.5 84.6 1.7 8.4 0.4 
18-10-2015 18.1 93.1 1.3 5.8 9.6 
17-10-2015 17.4 84.4 1.8 5.3 14.6 
16-10-2015 18.8 72.2 1.2 13.3 0.2 
15-10-2015 18.9 75.4 1.0 17.5 0.0 
14-10-2015 18.8 78.4 1.1 16.8 0.0 
13-10-2015 18.6 81.7 1.3 10.7 0.4 
12-10-2015 19.2 82.7 1.6 10.4 0.6 
11-10-2015 18.6 88.1 1.0 7.9 3.8 
10-10-2015 18.5 72.5 1.6 11.3 0.0 
09-10-2015 18.7 67.9 1.0 16.7 0.0 
08-10-2015 18.4 71.7 0.9 17.1 0.2 
07-10-2015 19.1 74.3 0.8 16.2 0.0 
06-10-2015 21.1 76.5 2.2 18.4 15.4 
05-10-2015 20.4 81.0 1.4 5.4 23.0 
04-10-2015 21.9 60.2 1.1 13.4 0.8 
03-10-2015 22.1 49.1 2.0 12.0 0.0 
02-10-2015 21.7 45.1 1.4 19.7 0.0 
01-10-2015 21.1 47.2 1.1 18.5 0.0 
30-09-2015 20.5 55.9 1.3 19.7 0.0 
29-09-2015 20.6 51.0 1.7 17.9 0.2 
28-09-2015 22.5 44.5 1.5 15.1 0.0 
27-09-2015 23.3 37.7 1.4 18.5 0.0 
26-09-2015 22.2 51.1 1.2 18.1 0.0 
25-09-2015 22.0 57.5 0.9 20.2 0.0 
24-09-2015 21.6 53.9 1.2 19.4 0.0 
23-09-2015 21.7 44.9 1.1 21.2 0.0 
22-09-2015 23.8 50.0 2.0 21.7 0.0 
21-09-2015 24.8 53.6 1.5 14.1 0.0 
20-09-2015 24.1 53.2 0.9 21.1 0.0 
19-09-2015 23.2 55.5 1.3 21.4 0.0 
18-09-2015 20.2 54.8 1.2 22.5 0.0 
17-09-2015 19.6 62.3 1.4 22.0 0.0 
16-09-2015 20.1 76.7 4.0 6.0 10.0 
15-09-2015 20.9 60.7 3.2 19.5 0.0 
14-09-2015 22.0 55.1 2.0 22.7 0.0 
13-09-2015 21.6 54.6 2.7 22.6 0.0 
12-09-2015 22.5 49.4 1.9 15.3 0.0 
11-09-2015 24.2 43.7 1.6 20.8 0.0 
10-09-2015 25.5 41.3 1.8 22.2 0.0 
09-09-2015 25.1 49.7 1.3 21.3 0.0 
08-09-2015 23.6 46.7 1.3 22.3 0.0 
07-09-2015 23.3 60.7 1.6 14.0 0.2 
06-09-2015 24.3 48.9 1.8 19.2 0.0 
05-09-2015 20.2 59.2 0.9 9.5 0.0 
04-09-2015 21.8 54.6 2.6 21.2 0.0 
03-09-2015 22.0 57.1 3.1 20.7 0.0 
02-09-2015 22.7 63.4 2.6 20.1 0.0 
01-09-2015 24.9 56.3 2.4 23.5 0.0 
31-08-2015 26.7 58.0 2.5 14.8 0.0 
30-08-2015 28.8 47.5 1.6 17.1 0.0 
29-08-2015 29.2 42.0 1.8 20.7 0.0 
28-08-2015 29.2 35.9 1.5 24.3 0.0 
27-08-2015 27.6 42.2 1.2 23.6 0.0 
26-08-2015 26.5 37.1 1.5 25.0 0.0 
25-08-2015 25.0 37.5 1.1 25.6 0.0 
24-08-2015 22.8 50.9 2.0 22.0 0.0 
23-08-2015 23.4 56.7 3.4 19.2 0.0 
22-08-2015 25.7 57.4 3.6 25.5 0.0 
21-08-2015 29.9 46.0 2.3 24.3 0.0 
20-08-2015 29.7 42.7 1.5 24.7 0.0 
19-08-2015 26.0 50.8 1.6 25.7 0.0 
18-08-2015 25.7 51.0 2.4 26.2 0.0 
17-08-2015 26.6 50.4 2.3 26.7 0.0 
16-08-2015 25.1 48.9 2.4 26.4 0.0 
15-08-2015 24.1 44.0 2.7 26.0 0.0 
14-08-2015 24.8 35.2 2.7 26.4 0.0 
13-08-2015 27.3 29.3 2.1 26.5 0.0 
12-08-2015 28.6 33.7 1.9 24.2 0.0 
11-08-2015 27.9 51.2 2.3 21.9 0.0 
10-08-2015 30.7 46.5 2.3 24.9 0.0 
09-08-2015 27.1 60.7 1.1 8.1 0.0 
08-08-2015 27.2 63.6 2.0 12.6 3.2 
07-08-2015 33.0 31.7 1.3 14.2 0.0 
06-08-2015 30.9 32.7 1.7 19.7 0.0 
05-08-2015 30.2 36.3 1.8 26.7 0.0 
04-08-2015 28.4 46.3 1.7 27.9 0.0 
03-08-2015 30.3 49.7 3.2 26.0 0.0 
02-08-2015 30.2 38.8 1.4 27.0 0.0 
01-08-2015 27.4 40.9 1.4 28.9 0.0 
31-07-2015 27.6 49.4 3.1 26.7 0.0 
30-07-2015 29.5 40.1 2.5 28.7 0.0 
29-07-2015 31.0 31.9 2.3 28.4 0.0 
28-07-2015 32.3 31.9 1.6 28.3 0.0 
27-07-2015 31.2 31.7 1.8 28.6 0.0 
26-07-2015 29.5 33.0 1.7 29.1 0.0 
25-07-2015 29.1 34.5 1.9 29.4 0.0 
24-07-2015 29.2 33.5 2.4 29.6 0.0 
23-07-2015 30.8 30.8 2.4 29.2 0.0 
22-07-2015 31.4 32.2 1.9 29.1 0.0 
21-07-2015 31.2 33.2 2.0 29.2 0.0 
20-07-2015 30.7 34.3 1.6 29.0 0.0 
19-07-2015 30.6 34.6 2.0 29.5 0.0 
18-07-2015 30.1 30.8 1.8 28.7 0.0 
17-07-2015 32.2 23.8 1.9 22.5 0.0 
16-07-2015 33.3 25.4 1.8 27.6 0.0 
15-07-2015 31.6 28.0 1.5 28.6 0.0 
14-07-2015 30.2 26.3 1.5 30.0 0.0 
13-07-2015 30.3 28.9 1.6 30.2 0.0 
12-07-2015 30.1 33.2 1.6 29.9 0.0 
11-07-2015 29.0 39.7 1.3 30.0 0.0 
10-07-2015 27.5 36.9 2.6 30.1 0.0 
09-07-2015 29.4 32.3 2.1 29.2 0.0 
08-07-2015 31.7 29.9 1.9 28.3 0.0 
07-07-2015 32.7 27.5 1.7 28.4 0.0 
06-07-2015 33.1 30.1 1.8 28.6 0.0 
05-07-2015 31.5 37.3 1.7 27.9 0.0 
04-07-2015 29.8 34.5 1.4 28.1 0.0 
03-07-2015 28.6 39.0 1.8 28.6 0.0 
02-07-2015 27.5 43.8 1.8 28.9 0.0 
01-07-2015 27.0 44.1 2.7 28.7 0.0 
30-06-2015 27.3 48.7 2.9 29.4 0.0 
29-06-2015 30.7 34.8 1.8 29.9 0.0 
28-06-2015 31.8 24.2 1.4 30.2 0.0 
27-06-2015 30.8 25.9 1.4 30.1 0.0 
26-06-2015 28.9 32.6 1.1 30.3 0.0 
25-06-2015 26.9 36.0 1.3 30.3 0.0 
24-06-2015 24.7 44.1 1.7 30.6 0.0 
23-06-2015 25.1 45.2 2.9 31.5 0.0 
22-06-2015 25.0 53.4 3.0 30.1 0.0 
21-06-2015 27.9 35.8 1.8 24.4 0.0 
20-06-2015 28.7 33.4 1.3 30.5 0.0 
19-06-2015 26.9 36.9 1.2 30.8 0.0 
18-06-2015 25.9 35.3 1.2 30.6 0.0 
17-06-2015 24.8 41.4 1.4 30.2 0.0 
16-06-2015 21.9 53.9 1.6 30.3 0.0 
15-06-2015 18.8 68.1 2.1 25.1 0.6 
14-06-2015 17.7 67.4 2.0 21.2 7.9 
13-06-2015 19.2 54.2 3.1 28.6 0.0 
12-06-2015 20.5 60.6 2.6 22.9 0.0 
11-06-2015 20.9 65.4 3.2 16.9 0.0 
10-06-2015 24.7 52.4 3.2 28.7 0.0 
09-06-2015 25.7 39.8 2.4 29.2 0.0 
08-06-2015 26.1 29.1 1.8 28.1 0.0 
07-06-2015 26.6 30.6 2.1 29.7 0.0 
06-06-2015 26.8 35.3 1.8 28.9 0.0 
05-06-2015 26.3 36.1 1.5 30.1 0.0 
04-06-2015 25.3 32.0 1.9 31.2 0.0 
03-06-2015 26.2 31.6 1.7 30.4 0.0 
02-06-2015 25.7 40.3 1.2 29.9 0.0 
01-06-2015 24.2 43.1 2.1 28.3 0.0 
31-05-2015 24.5 49.1 1.8 29.9 0.0 
30-05-2015 23.6 57.8 2.4 25.3 0.0 
29-05-2015 23.7 42.4 2.7 29.8 0.0 
28-05-2015 25.0 34.1 1.6 28.4 0.0 
27-05-2015 24.4 42.0 1.3 30.2 0.0 
26-05-2015 22.4 52.5 1.8 28.3 0.0 
25-05-2015 21.5 48.3 1.9 28.1 0.0 
24-05-2015 19.5 49.6 1.9 16.0 0.0 
23-05-2015 20.9 44.8 1.5 28.9 0.0 
22-05-2015 20.9 42.3 1.2 29.5 0.0 
21-05-2015 20.5 40.3 1.5 29.5 0.0 
20-05-2015 20.2 44.1 1.3 30.0 0.0 
19-05-2015 21.7 58.3 2.9 28.5 0.0 
18-05-2015 22.7 38.9 1.4 21.8 0.4 
17-05-2015 22.7 41.4 1.3 29.7 0.0 
16-05-2015 23.4 29.5 2.4 30.5 0.0 
15-05-2015 23.4 31.1 1.7 29.3 0.0 
14-05-2015 26.7 31.5 2.2 27.3 0.0 
13-05-2015 26.7 35.8 1.7 25.3 0.0 
12-05-2015 24.0 46.7 0.9 27.2 0.0 
11-05-2015 23.8 40.2 1.1 29.0 0.0 
10-05-2015 23.7 41.2 1.4 27.9 0.0 
09-05-2015 21.7 50.9 1.1 28.7 0.0 
08-05-2015 18.9 64.3 1.5 20.6 0.0 
07-05-2015 21.0 45.0 2.3 29.2 0.0 
06-05-2015 18.7 50.0 0.9 29.0 0.0 
05-05-2015 19.0 60.5 1.8 24.1 0.0 
04-05-2015 20.4 58.6 2.8 18.7 0.0 
03-05-2015 21.7 52.3 1.0 19.6 0.0 
02-05-2015 22.7 51.4 1.4 28.0 0.0 
01-05-2015 20.5 59.6 1.0 25.0 0.0 
30-04-2015 19.1 59.7 0.9 27.4 0.0 
29-04-2015 17.6 60.0 1.6 28.0 0.0 
28-04-2015 16.6 70.4 1.0 25.2 0.0 
27-04-2015 14.9 79.3 2.2 16.5 0.2 
26-04-2015 16.0 88.3 2.5 12.5 9.8 
25-04-2015 16.0 87.0 1.4 8.2 0.0 
24-04-2015 16.7 68.7 1.7 16.2 0.0 
23-04-2015 18.4 62.1 1.2 26.1 0.0 
22-04-2015 17.6 70.4 1.4 25.9 0.0 
21-04-2015 18.2 60.1 1.6 24.6 0.0 
20-04-2015 17.5 59.9 1.3 26.2 0.0 
19-04-2015 15.9 63.8 1.0 26.6 0.0 
18-04-2015 17.6 66.6 1.7 25.5 0.2 
17-04-2015 17.5 79.8 1.2 24.1 0.0 
16-04-2015 16.2 86.0 1.4 17.9 6.8 
15-04-2015 15.7 87.0 1.6 12.9 9.4 
14-04-2015 20.3 49.3 2.4 17.2 0.0 
13-04-2015 18.0 65.2 1.0 25.2 0.0 
12-04-2015 16.0 78.5 1.6 24.9 0.2 
11-04-2015 13.7 91.8 1.3 8.1 11.4 
10-04-2015 16.5 70.1 1.0 19.3 2.4 
09-04-2015 14.7 82.9 1.6 13.7 0.6 
08-04-2015 12.9 72.8 1.3 7.9 1.2 
07-04-2015 15.2 72.4 1.3 18.8 0.0 
06-04-2015 17.5 74.8 1.3 15.7 0.4 
05-04-2015 18.1 72.2 1.6 22.7 0.4 
04-04-2015 18.8 69.8 0.8 23.6 0.0 
03-04-2015 17.7 69.8 0.9 20.5 0.0 
02-04-2015 18.0 60.6 0.8 24.4 0.0 
01-04-2015 20.8 52.4 1.6 24.6 0.0 
31-03-2015 20.0 65.5 0.9 23.8 0.0 
30-03-2015 18.4 67.1 0.8 23.5 0.0 
29-03-2015 17.6 68.1 0.9 22.7 0.2 
28-03-2015 17.1 78.0 1.0 23.4 0.2 
27-03-2015 15.2 79.8 0.9 22.9 0.0 
26-03-2015 9.9 78.7 0.7 15.6 0.0 
25-03-2015 11.5 59.5 2.4 22.2 0.0 
24-03-2015 9.3 85.7 1.1 16.8 4.4 
23-03-2015 12.3 92.2 1.7 10.4 29.6 
22-03-2015 12.6 87.7 1.1 10.4 0.6 
21-03-2015 11.4 93.2 1.1 9.4 1.8 
20-03-2015 12.3 88.5 1.4 11.6 0.2 
19-03-2015 11.6 87.1 1.7 12.6 3.2 
18-03-2015 10.9 86.9 1.6 7.6 1.6 
17-03-2015 11.5 74.3 2.2 11.1 3.0 
16-03-2015 10.7 60.7 1.1 21.3 0.0 
15-03-2015 11.3 47.8 1.6 21.6 0.0 
14-03-2015 12.2 61.7 1.7 20.7 0.0 
13-03-2015 12.4 77.4 1.3 17.9 0.0 
12-03-2015 14.1 69.1 1.6 20.4 0.0 
11-03-2015 14.3 65.1 1.0 20.2 0.0 
10-03-2015 13.9 65.9 0.9 20.2 0.0 
09-03-2015 13.4 64.7 0.7 20.0 0.0 
08-03-2015 13.1 61.9 1.3 19.7 0.0 
07-03-2015 10.5 60.8 0.6 20.0 0.0 
06-03-2015 10.6 57.5 1.1 19.8 0.0 
05-03-2015 11.6 45.3 3.0 20.2 0.0 
04-03-2015 14.4 76.5 1.5 14.0 0.0 
03-03-2015 14.1 80.4 1.1 18.2 0.0 
02-03-2015 13.6 81.9 0.7 17.8 0.2 
01-03-2015 12.0 82.2 1.0 16.7 0.0 
28-02-2015 11.5 80.1 0.8 15.4 0.0 
27-02-2015 11.7 79.1 1.0 13.3 0.0 
26-02-2015 11.5 76.8 1.1 16.1 0.0 
25-02-2015 9.7 71.7 1.3 17.3 0.0 
24-02-2015 11.3 58.3 2.2 18.0 0.0 
23-02-2015 11.2 85.3 1.8 10.8 0.0 
22-02-2015 9.6 82.7 1.3 15.2 0.2 
21-02-2015 9.4 93.3 1.2 6.6 2.6 
20-02-2015 10.0 70.4 1.2 16.6 0.0 
19-02-2015 11.1 63.4 2.3 16.7 0.0 
18-02-2015 12.2 61.8 3.4 16.4 0.0 
17-02-2015 10.9 70.1 3.4 10.8 3.6 
16-02-2015 7.9 95.7 0.7 5.6 0.2 
15-02-2015 11.2 94.3 3.0 6.1 6.4 
14-02-2015 11.9 84.6 2.9 9.8 0.6 
13-02-2015 10.4 82.1 1.2 11.5 0.0 
12-02-2015 11.0 77.7 0.8 11.7 0.0 
11-02-2015 9.9 73.5 1.2 12.5 0.0 
10-02-2015 8.3 72.7 1.2 9.3 0.0 
09-02-2015 7.8 64.5 1.7 14.8 0.0 
08-02-2015 6.0 71.4 1.9 14.7 0.0 
07-02-2015 6.4 77.7 1.8 10.3 0.0 
06-02-2015 4.1 78.8 1.1 14.5 0.2 
05-02-2015 5.6 60.0 1.6 14.7 0.0 
04-02-2015 7.7 66.1 2.5 12.5 0.2 
03-02-2015 10.2 92.0 3.9 5.5 5.6 
02-02-2015 6.3 93.6 2.3 5.0 3.6 
01-02-2015 7.3 68.8 1.7 14.0 0.0 
31-01-2015 12.4 75.1 5.4 9.6 9.8 
30-01-2015 14.3 87.8 4.5 7.3 0.4 
29-01-2015 7.4 92.2 1.4 8.4 0.0 
28-01-2015 7.4 80.0 1.1 12.8 0.2 
27-01-2015 7.1 80.2 0.7 12.0 0.0 
26-01-2015 6.6 76.6 0.8 12.6 0.2 
25-01-2015 6.6 74.5 1.2 12.6 0.0 
24-01-2015 4.8 77.9 1.5 12.6 0.2 
23-01-2015 4.5 86.5 0.8 11.1 0.0 
22-01-2015 7.8 75.5 1.9 11.9 0.0 
21-01-2015 5.6 92.9 1.6 8.2 0.6 
20-01-2015 3.0 94.9 0.6 5.5 1.6 
19-01-2015 8.0 76.3 2.0 6.1 2.2 
18-01-2015 5.5 99.6 2.2 1.4 16.2 
17-01-2015 4.7 90.6 0.6 11.1 0.2 
16-01-2015 9.6 80.6 2.1 9.5 5.2 
15-01-2015 9.8 86.9 1.7 8.7 0.8 
14-01-2015 9.1 84.1 0.9 9.5 0.0 
13-01-2015 8.9 79.8 0.9 10.5 0.0 
12-01-2015 7.5 79.5 0.9 9.6 0.2 
11-01-2015 6.1 82.3 0.8 10.5 0.0 
10-01-2015 6.9 78.1 1.4 11.2 0.0 
09-01-2015 7.0 76.7 1.2 11.0 0.2 
08-01-2015 6.1 83.7 1.3 10.6 0.2 
07-01-2015 4.3 88.1 0.7 10.5 0.0 
06-01-2015 5.3 94.7 0.8 6.2 0.2 
05-01-2015 4.9 87.7 0.7 10.4 0.2 
04-01-2015 6.7 78.4 1.3 11.0 0.0 
03-01-2015 6.2 77.5 1.4 10.7 0.0 
02-01-2015 5.3 78.1 1.2 10.7 0.2 
01-01-2015 3.8 80.0 1.0 10.8 0.0 
31-12-2014 3.3 75.6 1.1 10.8 0.0 
30-12-2014 3.5 68.0 1.6 10.9 0.0 
29-12-2014 6.2 67.5 2.1 10.8 0.0 
28-12-2014 7.1 98.4 1.6 4.9 3.4 
27-12-2014 5.5 93.4 0.7 8.9 0.2 
26-12-2014 6.9 87.9 1.0 10.2 0.2 
25-12-2014 7.1 89.3 0.6 8.6 0.0 
24-12-2014 7.3 90.5 0.8 9.8 0.2 
23-12-2014 8.1 89.3 1.2 9.7 0.2 
22-12-2014 7.8 90.2 1.0 10.0 0.2 
21-12-2014 7.7 90.3 0.7 9.5 0.2 
20-12-2014 7.8 93.4 0.7 10.0 0.2 
19-12-2014 8.1 92.0 0.5 10.0 0.2 
18-12-2014 7.6 96.9 1.1 7.3 0.2 
17-12-2014 7.5 98.8 1.0 3.4 0.4 
16-12-2014 7.7 97.9 0.5 2.5 0.0 
15-12-2014 10.6 86.8 0.8 7.4 0.4 
14-12-2014 11.0 92.4 1.8 6.0 3.6 
13-12-2014 11.9 87.2 2.2 3.9 9.8 
12-12-2014 6.9 92.0 1.0 9.6 0.2 
11-12-2014 6.7 88.6 1.0 9.3 0.0 
10-12-2014 6.4 84.2 1.2 10.5 0.2 
09-12-2014 4.8 94.6 0.4 7.4 0.2 
08-12-2014 7.0 83.6 1.3 10.7 0.2 
07-12-2014 5.3 87.3 0.8 10.8 0.2 
06-12-2014 6.6 94.9 1.1 8.8 0.2 
05-12-2014 7.7 96.7 0.6 5.3 0.2 
04-12-2014 10.5 91.7 0.8 7.8 0.6 
03-12-2014 11.2 85.2 1.1 9.7 0.0 
02-12-2014 12.2 78.5 0.8 10.6 0.0 
01-12-2014 13.6 94.5 1.3 9.5 0.2 
30-11-2014 10.8 97.8 0.6 5.8 0.8 
29-11-2014 11.5 89.0 1.1 7.7 0.0 
28-11-2014 12.6 93.1 1.6 5.0 11.2 
27-11-2014 13.2 89.1 2.7 6.3 20.8 
26-11-2014 14.2 92.8 1.1 6.1 1.0 
25-11-2014 15.0 97.3 0.8 3.3 2.0 
24-11-2014 16.6 86.7 1.5 10.9 0.6 
23-11-2014 17.6 78.5 1.2 4.5 0.8 
22-11-2014 17.0 78.0 1.6 6.9 0.0 
21-11-2014 14.8 86.5 1.2 6.7 0.2 
20-11-2014 14.7 86.1 1.0 10.1 0.0 
19-11-2014 14.2 82.7 1.7 11.5 0.2 
18-11-2014 10.9 90.2 0.9 12.1 0.2 
17-11-2014 10.7 90.9 0.3 10.8 0.2 
16-11-2014 12.7 90.6 0.5 9.2 0.0 
15-11-2014 13.3 89.9 1.7 11.9 3.0 
14-11-2014 16.3 93.1 2.5 7.3 19.6 
13-11-2014 17.2 92.7 1.6 5.1 2.6 
12-11-2014 15.3 94.7 0.8 8.4 5.2 
11-11-2014 13.6 92.2 2.1 8.2 38.4 
10-11-2014 10.0 87.3 0.9 12.2 0.2 
09-11-2014 12.3 83.8 1.3 11.0 0.0 
08-11-2014 14.8 89.3 1.7 9.2 10.6 
07-11-2014 13.7 97.0 0.6 2.7 6.6 
06-11-2014 10.8 87.1 0.8 13.4 0.0 
05-11-2014 11.1 78.8 1.4 13.8 0.0 
04-11-2014 14.2 77.1 3.8 9.9 26.6 
03-11-2014 16.1 82.7 2.3 12.8 2.8 
02-11-2014 16.5 76.5 1.2 12.2 0.0 
01-11-2014 16.2 75.9 0.8 13.3 0.0 
31-10-2014 17.4 66.1 1.2 14.2 0.0 
30-10-2014 17.9 70.8 1.0 14.6 0.0 
29-10-2014 17.8 74.6 0.7 13.8 0.0 
28-10-2014 17.7 73.2 1.2 13.3 0.0 
27-10-2014 17.7 68.8 0.9 14.7 0.0 
26-10-2014 16.8 69.9 0.7 11.7 0.0 
25-10-2014 18.8 62.9 1.0 15.5 0.0 
24-10-2014 19.4 57.6 1.4 15.7 0.0 
23-10-2014 19.3 48.2 1.6 16.2 0.0 
22-10-2014 20.7 65.0 1.2 15.4 0.0 
21-10-2014 21.0 72.7 1.0 15.1 0.0 
20-10-2014 22.0 64.5 0.9 14.8 2.0 
19-10-2014 21.5 74.7 1.1 14.1 0.0 
18-10-2014 20.9 76.7 1.3 16.3 0.2 
17-10-2014 20.1 85.1 1.1 16.7 0.2 
16-10-2014 20.0 89.5 0.8 13.8 0.2 
15-10-2014 16.3 95.1 1.0 6.9 3.4 
14-10-2014 15.2 87.6 1.4 14.3 16.0 
13-10-2014 16.0 86.5 1.3 9.8 28.6 
12-10-2014 17.0 89.3 1.9 8.7 7.6 
11-10-2014 19.8 85.4 2.2 14.6 19.6 
10-10-2014 19.6 91.9 1.5 5.3 10.2 
09-10-2014 22.1 76.3 2.4 12.3 0.0 
08-10-2014 19.7 75.7 1.7 18.2 0.0 
07-10-2014 19.3 74.9 0.8 17.9 0.0 
06-10-2014 18.8 72.2 1.4 16.8 0.0 
05-10-2014 21.5 69.2 1.2 14.8 0.0 
04-10-2014 22.2 78.0 0.9 12.4 0.0 
03-10-2014 23.2 69.2 1.1 16.4 0.0 
02-10-2014 23.5 71.4 1.1 15.4 0.0 
01-10-2014 23.0 72.5 0.9 11.6 0.0 
30-09-2014 22.1 71.1 1.4 14.7 0.0 
29-09-2014 21.4 74.5 1.4 14.9 2.4 
28-09-2014 20.9 82.5 1.2 11.2 3.8 
27-09-2014 21.9 80.1 1.0 12.5 1.8 
26-09-2014 22.5 66.5 1.5 18.4 0.0 
25-09-2014 21.5 74.2 1.0 19.1 0.8 
24-09-2014 21.0 78.3 1.4 18.0 0.0 
23-09-2014 20.8 79.0 1.5 17.3 0.0 
22-09-2014 20.9 79.8 1.8 17.4 0.0 
21-09-2014 21.7 79.8 0.9 9.4 0.2 
20-09-2014 22.6 76.0 1.2 19.5 0.0 
19-09-2014 20.0 87.2 1.3 11.6 0.2 
18-09-2014 20.7 86.4 1.3 12.7 5.2 
17-09-2014 21.1 88.4 2.2 12.7 53.2 
16-09-2014 21.2 69.7 2.3 13.2 0.8 
15-09-2014 23.3 63.4 1.2 20.8 0.0 
14-09-2014 24.3 58.1 2.6 22.4 0.0 
13-09-2014 25.1 61.5 1.7 19.7 0.0 
12-09-2014 24.9 65.9 2.0 22.0 0.0 
11-09-2014 24.7 63.1 2.6 22.4 0.0 
10-09-2014 23.8 57.7 2.0 22.6 0.0 
09-09-2014 24.4 60.2 1.6 23.3 0.0 
08-09-2014 24.2 67.1 1.7 17.2 0.0 
07-09-2014 24.2 71.7 2.5 17.1 0.0 
06-09-2014 24.7 63.0 2.3 22.8 0.0 
05-09-2014 25.6 57.1 2.1 23.9 0.0 
04-09-2014 26.1 56.2 2.0 23.7 0.0 
03-09-2014 26.2 61.0 2.5 23.1 0.0 
02-09-2014 28.5 56.2 2.5 21.1 0.0 
01-09-2014 29.8 47.0 1.3 23.3 0.0 
31-08-2014 27.4 39.2 1.1 24.3 0.0 
30-08-2014 26.9 37.3 1.7 24.5 0.0 
29-08-2014 27.4 42.9 1.1 24.8 0.0 
28-08-2014 29.1 36.7 1.5 24.8 0.0 
27-08-2014 29.8 37.5 1.1 25.0 0.0 
26-08-2014 28.4 39.2 1.5 25.7 0.0 
25-08-2014 27.9 41.9 1.1 25.2 0.0 
24-08-2014 26.2 42.5 0.9 25.7 0.0 
23-08-2014 25.3 44.0 1.2 26.3 0.0 
22-08-2014 24.3 53.3 2.1 26.3 0.0 
21-08-2014 25.5 41.7 2.0 26.2 0.0 
20-08-2014 24.1 57.3 2.3 23.2 0.0 
19-08-2014 25.2 61.7 3.5 24.8 0.0 
18-08-2014 28.4 43.2 2.3 25.1 0.0 
17-08-2014 28.6 54.2 2.0 26.2 0.0 
16-08-2014 27.8 44.7 1.2 27.1 0.0 
15-08-2014 26.5 39.6 1.4 27.6 0.0 
14-08-2014 25.6 27.3 1.3 28.2 0.0 
13-08-2014 27.6 38.3 2.2 27.5 0.0 
12-08-2014 27.2 53.4 2.4 27.4 0.0 
11-08-2014 27.2 53.5 2.2 27.8 0.0 
10-08-2014 27.6 47.6 2.0 28.3 0.0 
09-08-2014 28.5 41.9 2.1 28.6 0.0 
08-08-2014 28.2 46.7 1.7 28.6 16.8 
07-08-2014 28.6 40.6 1.6 28.5 0.0 
06-08-2014 28.2 40.0 1.9 28.3 0.0 
05-08-2014 26.2 46.9 1.5 28.8 19.0 
04-08-2014 26.8 48.7 2.2 28.6 0.0 
03-08-2014 25.1 53.0 1.5 28.3 0.0 
02-08-2014 22.7 60.9 2.6 28.1 0.0 
01-08-2014 21.9 69.3 3.1 17.4 5.8 
31-07-2014 24.2 65.0 3.6 28.8 0.0 
30-07-2014 26.7 57.7 2.0 28.2 0.0 
29-07-2014 23.6 68.5 2.8 21.4 0.0 
28-07-2014 25.3 58.0 3.2 28.8 0.0 
27-07-2014 26.9 53.8 2.8 28.7 0.0 
26-07-2014 26.2 53.7 2.4 28.7 0.0 
25-07-2014 25.9 50.9 1.8 29.6 0.0 
24-07-2014 26.8 45.9 2.9 28.8 0.0 
23-07-2014 28.5 38.4 2.2 29.7 0.0 
22-07-2014 27.7 37.9 1.1 30.2 0.0 
21-07-2014 26.8 40.3 1.3 30.1 0.0 
20-07-2014 25.2 48.9 2.3 30.1 0.0 
19-07-2014 23.4 63.1 3.3 21.4 0.0 
18-07-2014 27.0 55.9 3.9 28.3 0.0 
17-07-2014 31.6 36.2 1.6 28.9 0.0 
16-07-2014 30.9 34.8 1.6 29.3 0.0 
15-07-2014 29.6 36.2 1.4 30.1 0.0 
14-07-2014 28.5 42.3 1.3 30.4 0.0 
13-07-2014 26.2 57.3 2.6 30.2 0.0 
12-07-2014 27.0 48.5 2.7 30.8 0.0 
11-07-2014 27.7 48.9 2.4 31.1 0.0 
10-07-2014 27.9 45.7 2.0 30.3 0.2 
09-07-2014 28.3 36.9 1.9 31.0 0.0 
08-07-2014 25.8 47.3 1.0 31.2 0.0 
07-07-2014 25.0 56.4 2.8 30.6 0.0 
06-07-2014 23.2 62.5 3.5 25.5 0.0 
05-07-2014 26.4 48.4 2.4 30.6 0.0 
04-07-2014 23.8 61.5 1.7 29.9 0.2 
03-07-2014 21.3 58.6 2.1 22.6 0.4 
02-07-2014 21.7 56.5 2.8 31.2 0.0 
01-07-2014 22.8 57.5 2.9 29.7 0.0 
30-06-2014 24.0 44.5 2.1 31.8 0.0 
29-06-2014 25.2 40.4 2.3 31.6 0.0 
28-06-2014 26.1 48.0 2.6 31.5 0.0 
27-06-2014 25.1 54.2 1.6 31.3 0.0 
26-06-2014 23.5 61.0 1.9 30.2 0.0 
25-06-2014 21.5 70.3 2.3 23.0 0.0 
24-06-2014 18.7 81.2 2.2 16.5 8.6 
23-06-2014 21.7 61.6 2.3 30.7 0.4 
22-06-2014 21.8 61.5 2.6 26.1 0.0 
21-06-2014 21.9 63.1 2.4 30.9 0.0 
20-06-2014 21.7 63.3 2.4 29.8 0.0 
19-06-2014 22.5 68.5 2.3 23.8 0.0 
18-06-2014 23.9 69.6 2.6 28.3 0.0 
17-06-2014 23.6 70.3 2.3 30.7 0.0 
16-06-2014 23.4 69.7 1.9 22.3 5.6 
15-06-2014 28.1 29.8 2.0 30.6 0.0 
14-06-2014 28.9 36.6 1.3 29.7 0.0 
13-06-2014 27.4 38.9 1.2 29.7 0.0 
12-06-2014 27.0 42.2 1.4 29.5 0.0 
11-06-2014 25.2 53.0 1.5 19.8 0.2 
10-06-2014 22.2 60.5 1.1 18.8 0.0 
09-06-2014 22.6 55.4 2.1 29.7 0.0 
08-06-2014 21.7 63.6 2.1 24.9 0.0 
07-06-2014 21.9 63.4 2.2 28.3 0.0 
06-06-2014 23.0 51.3 4.0 28.8 0.2 
05-06-2014 23.0 53.4 1.3 28.3 0.0 
04-06-2014 22.3 53.7 2.6 31.2 0.0 
03-06-2014 23.0 50.1 2.2 31.0 0.0 
02-06-2014 22.0 56.0 1.9 30.9 0.0 
01-06-2014 20.4 57.7 1.3 24.1 0.0 
31-05-2014 21.9 48.5 1.4 24.8 0.0 
30-05-2014 22.1 52.1 1.9 31.3 0.0 
29-05-2014 20.8 56.8 1.8 31.1 0.0 
28-05-2014 18.9 63.0 2.4 17.1 0.6 
27-05-2014 18.5 54.6 2.4 27.3 0.0 
26-05-2014 17.8 53.0 1.2 31.7 0.0 
25-05-2014 17.5 58.6 2.2 27.6 0.0 
24-05-2014 17.7 57.1 1.8 31.0 0.0 
23-05-2014 16.1 68.4 1.1 23.1 0.0 
22-05-2014 15.9 66.4 2.3 28.8 0.2 
21-05-2014 16.2 71.3 4.2 20.0 8.6 
20-05-2014 18.0 59.8 3.2 21.3 0.0 
19-05-2014 19.9 56.1 3.7 28.2 0.0 
18-05-2014 21.0 56.5 2.2 27.9 0.0 
17-05-2014 21.0 44.4 1.4 29.7 0.0 
16-05-2014 20.5 49.8 1.7 30.2 0.0 
15-05-2014 21.4 53.6 1.8 29.5 0.0 
14-05-2014 22.5 58.9 1.7 29.1 0.0 
13-05-2014 24.3 49.0 1.2 30.8 0.0 
12-05-2014 24.6 46.3 1.5 29.9 0.0 
11-05-2014 25.3 48.8 1.1 29.0 0.0 
10-05-2014 24.4 58.9 1.5 26.9 0.0 
09-05-2014 23.3 62.8 1.5 26.8 0.0 
08-05-2014 23.0 58.2 2.0 28.4 0.0 
07-05-2014 21.7 51.4 1.0 27.7 0.0 
06-05-2014 21.3 46.3 1.2 29.7 0.0 
05-05-2014 20.9 49.6 1.0 29.3 0.0 
04-05-2014 19.9 51.4 1.0 29.3 0.0 
03-05-2014 21.1 36.1 1.7 29.3 0.0 
02-05-2014 22.5 48.4 1.8 28.1 0.0 
01-05-2014 21.9 55.0 1.1 28.5 0.0 
30-04-2014 21.6 55.6 1.2 28.6 0.0 
29-04-2014 20.9 57.0 1.0 28.5 0.0 
28-04-2014 19.1 61.7 1.0 28.2 0.0 
27-04-2014 18.5 61.2 1.3 28.2 0.0 
26-04-2014 17.0 68.7 1.5 25.7 0.0 
25-04-2014 14.5 64.9 1.6 27.8 0.0 
24-04-2014 15.8 78.1 2.3 18.5 0.0 
23-04-2014 16.5 80.4 1.1 23.8 0.0 
22-04-2014 15.3 83.7 2.1 25.3 0.0 
21-04-2014 13.6 92.9 2.3 15.0 8.6 
20-04-2014 14.1 90.4 1.9 9.1 30.0 
19-04-2014 17.0 83.1 2.9 8.1 0.0 
18-04-2014 18.3 74.8 2.6 25.8 0.0 
17-04-2014 21.0 63.1 1.1 26.0 0.0 
16-04-2014 18.7 73.8 1.3 24.2 0.0 
15-04-2014 17.1 70.7 1.1 17.0 1.2 
14-04-2014 18.1 66.5 1.2 14.5 0.0 
13-04-2014 18.9 70.2 1.4 24.5 0.0 
12-04-2014 16.8 84.2 2.6 15.9 0.0 
11-04-2014 21.1 58.6 2.4 23.0 0.0 
10-04-2014 20.8 54.7 1.6 23.2 0.0 
09-04-2014 19.5 61.8 1.1 17.2 0.0 
08-04-2014 19.5 65.6 0.9 25.3 0.0 
07-04-2014 19.4 67.8 1.1 25.1 0.2 
06-04-2014 17.8 79.2 1.2 24.9 0.2 
05-04-2014 15.4 89.7 1.0 13.6 0.0 
04-04-2014 12.7 81.4 2.5 20.7 0.2 
03-04-2014 12.0 89.7 2.8 17.4 2.2 
02-04-2014 13.0 87.5 2.3 7.7 10.0 
01-04-2014 16.5 59.2 2.7 17.5 0.0 
31-03-2014 15.9 72.0 2.5 20.8 1.0 
30-03-2014 12.3 86.0 1.5 20.1 0.6 
29-03-2014 9.5 96.9 1.8 4.8 13.4 
28-03-2014 10.5 72.4 2.5 16.1 1.8 
27-03-2014 9.7 64.9 1.6 19.2 0.0 
26-03-2014 12.2 50.1 2.6 22.1 0.0 
25-03-2014 12.2 69.2 3.4 17.8 0.0 
24-03-2014 11.3 70.6 1.8 18.3 0.0 
23-03-2014 11.3 61.8 1.0 22.7 0.0 
22-03-2014 12.9 83.1 1.9 10.2 0.0 
21-03-2014 15.3 72.2 1.6 19.5 0.0 
20-03-2014 15.3 76.7 2.1 18.6 0.0 
19-03-2014 15.6 73.3 1.3 19.6 0.0 
18-03-2014 14.9 66.5 0.6 18.3 0.0 
17-03-2014 15.1 61.8 1.2 21.0 0.0 
16-03-2014 13.0 67.5 0.9 21.1 0.0 
15-03-2014 11.8 71.0 1.0 20.6 0.2 
14-03-2014 10.8 75.8 1.2 14.6 0.0 
13-03-2014 12.5 68.4 1.6 19.9 0.0 
12-03-2014 12.3 64.2 1.9 14.1 0.0 
11-03-2014 12.1 64.5 0.9 20.5 0.0 
10-03-2014 11.9 64.5 1.3 20.6 0.0 
09-03-2014 12.6 61.1 1.3 19.3 0.0 
08-03-2014 13.4 67.0 1.5 20.1 0.0 
07-03-2014 13.1 76.9 0.8 19.0 0.2 
06-03-2014 13.5 76.7 1.2 19.4 0.0 
05-03-2014 12.4 84.5 1.3 14.2 0.0 
04-03-2014 10.3 75.5 2.3 16.4 0.0 
03-03-2014 12.5 72.1 3.5 9.8 5.4 
02-03-2014 14.9 87.0 4.0 12.0 0.8 
01-03-2014 12.5 94.1 3.6 3.2 7.2 
28-02-2014 11.2 88.8 2.1 10.1 0.0 
27-02-2014 9.9 83.4 0.8 7.9 0.0 
26-02-2014 11.2 71.9 1.9 16.5 0.0 
25-02-2014 9.8 90.2 1.1 11.5 0.2 
24-02-2014 11.1 81.7 2.3 11.4 4.6 
23-02-2014 11.1 67.0 2.1 17.6 0.0 
22-02-2014 8.4 79.2 0.8 17.1 0.0 
21-02-2014 11.4 71.2 1.7 15.4 0.8 
20-02-2014 9.7 93.2 0.9 6.8 0.2 
19-02-2014 8.4 88.9 0.7 15.2 0.2 
18-02-2014 10.3 88.5 1.1 7.4 2.4 
17-02-2014 9.8 84.6 1.4 9.4 0.2 
16-02-2014 9.6 87.5 0.7 12.2 0.0 
15-02-2014 12.2 85.7 1.3 7.0 11.8 
14-02-2014 15.2 88.8 2.9 8.7 0.4 
13-02-2014 15.1 97.3 3.7 3.0 1.8 
12-02-2014 10.7 96.8 0.8 7.2 2.2 
11-02-2014 7.0 95.3 1.8 3.6 26.0 
10-02-2014 9.7 61.9 5.0 13.7 0.4 
09-02-2014 9.2 98.0 4.0 2.4 25.8 
08-02-2014 10.7 96.7 3.8 2.3 10.6 
07-02-2014 9.8 86.4 2.8 12.4 0.0 
06-02-2014 13.0 89.7 4.0 7.6 9.4 
05-02-2014 13.1 91.9 4.7 6.9 7.4 
04-02-2014 5.9 93.1 2.1 5.1 0.6 
03-02-2014 4.3 97.5 0.9 6.0 3.0 
02-02-2014 5.6 80.5 0.8 12.8 0.0 
01-02-2014 10.7 81.0 2.9 8.5 0.2 
31-01-2014 8.8 94.8 1.6 3.8 1.2 
30-01-2014 7.4 75.4 1.4 12.8 0.0 
29-01-2014 8.9 81.3 2.3 8.8 1.0 
28-01-2014 8.7 84.8 2.9 7.1 0.6 
27-01-2014 11.4 78.0 3.0 10.5 0.2 
26-01-2014 9.6 89.0 1.0 12.2 0.2 
25-01-2014 8.0 91.0 0.5 11.8 0.0 
24-01-2014 7.0 86.4 0.9 11.6 0.2 
23-01-2014 9.6 74.6 1.3 12.4 0.4 
22-01-2014 10.9 82.0 1.9 9.6 8.8 
21-01-2014 7.7 90.3 1.1 7.5 10.2 
20-01-2014 6.2 88.3 1.4 12.0 0.0 
19-01-2014 7.3 85.0 1.9 3.9 21.8 
18-01-2014 8.0 95.5 1.8 5.0 15.0 
17-01-2014 7.2 95.2 1.4 3.2 5.4 
16-01-2014 9.5 92.2 1.1 5.2 3.6 
15-01-2014 9.5 96.8 1.1 3.4 0.2 
14-01-2014 9.0 94.2 2.7 5.9 0.0 
13-01-2014 9.1 89.3 1.2 5.0 10.8 
12-01-2014 10.7 89.0 0.8 5.6 0.0 
11-01-2014 9.5 89.4 0.8 7.8 0.0 
10-01-2014 7.9 86.5 0.8 6.2 0.0 
09-01-2014 8.9 80.3 1.3 9.8 0.0 
08-01-2014 9.0 78.3 1.8 10.1 0.2 
07-01-2014 6.1 87.5 1.5 10.3 0.2 
06-01-2014 6.6 88.4 1.3 10.7 0.0 
05-01-2014 0.0 88.1 0.7 9.9 0.2 
04-01-2014 0.0 87.0 4.8 5.9 7.4 
03-01-2014 0.0 98.8 2.4 2.5 4.2 
02-01-2014 0.0 98.8 2.9 2.6 6.0 
01-01-2014 0.0 99.7 1.3 1.8 5.8 
31-12-2013 6.4 81.1 1.2 9.6 0.2 
30-12-2013 4.4 85.7 1.4 9.7 0.2 
29-12-2013 4.4 86.9 0.7 10.5 0.2 
28-12-2013 0.0 73.7 2.9 9.1 5.2 
27-12-2013 0.0 99.0 0.6 2.5 2.2 
26-12-2013 8.1 86.6 2.4 7.5 0.2 
25-12-2013 0.0 93.5 4.8 2.5 56.4 
24-12-2013 8.2 91.2 3.9 1.9 1.2 
23-12-2013 6.2 89.1 0.8 9.7 0.0 
22-12-2013 6.3 90.0 0.6 9.8 0.2 
21-12-2013 6.8 80.7 1.3 10.2 0.0 
20-12-2013 8.2 67.4 1.6 10.3 0.0 
19-12-2013 9.6 94.6 1.5 0.8 17.6 
18-12-2013 11.7 87.6 1.3 3.3 0.4 
17-12-2013 9.6 77.9 1.0 2.9 0.2 
16-12-2013 8.0 76.2 1.2 9.4 0.0 
15-12-2013 8.0 81.0 0.9 9.7 0.0 
14-12-2013 11.0 79.2 1.1 9.7 0.0 
13-12-2013 8.7 78.2 0.6 2.5 0.0 
12-12-2013 8.8 70.3 1.4 8.6 0.0 
11-12-2013 7.4 68.5 1.4 9.6 0.0 
10-12-2013 7.2 71.5 1.5 10.2 0.0 
09-12-2013 6.3 72.9 1.6 10.4 0.0 
08-12-2013 4.9 77.4 0.8 10.4 0.0 
07-12-2013 5.4 75.0 0.6 10.7 0.0 
06-12-2013 7.6 68.6 1.4 10.9 0.0 
05-12-2013 8.0 76.4 1.1 10.7 0.0 
04-12-2013 8.1 73.4 1.3 10.5 0.0 
03-12-2013 6.9 62.8 1.4 10.8 0.0 
02-12-2013 6.9 65.0 1.4 11.0 0.0 
01-12-2013 7.3 55.8 1.7 11.2 0.0 
30-11-2013 4.3 71.6 1.0 9.6 0.0 
29-11-2013 7.6 62.0 1.7 11.5 0.0 
28-11-2013 8.7 64.6 2.3 7.3 0.0 
27-11-2013 7.3 68.1 1.9 11.3 0.0 
26-11-2013 5.3 71.1 1.3 11.6 0.0 
25-11-2013 6.1 71.3 1.5 10.9 0.0 
24-11-2013 6.8 66.7 2.1 10.4 0.0 
23-11-2013 5.9 81.8 2.2 8.5 0.0 
22-11-2013 3.9 98.2 0.5 3.6 2.2 
21-11-2013 5.3 79.8 1.5 9.4 0.2 
20-11-2013 6.0 80.3 1.2 9.5 0.0 
19-11-2013 6.7 88.6 0.9 10.3 0.2 
18-11-2013 8.0 89.2 1.2 9.9 2.6 
17-11-2013 7.6 64.2 1.2 11.2 4.6 
16-11-2013 8.4 49.0 1.8 13.1 0.0 
15-11-2013 11.8 49.3 2.5 12.9 0.0 
14-11-2013 14.8 70.3 1.8 12.5 0.2 
13-11-2013 13.7 79.3 2.1 10.4 0.0 
12-11-2013 14.9 69.4 1.2 12.8 0.0 
11-11-2013 14.5 67.7 1.9 12.9 0.0 
10-11-2013 11.3 75.5 0.7 10.6 0.0 
09-11-2013 14.7 60.4 1.0 13.1 0.0 
08-11-2013 13.0 83.1 0.7 7.4 0.0 
07-11-2013 13.7 86.2 0.8 9.4 0.2 
06-11-2013 15.0 80.7 1.0 13.5 0.0 
05-11-2013 16.8 77.6 2.3 10.3 0.0 
04-11-2013 12.7 83.0 1.9 7.0 0.2 
03-11-2013 13.1 83.2 0.7 11.3 0.0 
02-11-2013 13.6 67.4 1.1 14.6 0.0 
01-11-2013 11.7 71.9 0.9 14.4 0.0 
31-10-2013 12.0 66.9 1.2 15.1 0.0 
30-10-2013 13.8 55.7 1.7 14.8 0.0 
29-10-2013 16.7 52.2 2.1 15.3 0.0 
28-10-2013 18.1 75.7 1.2 13.9 0.2 
27-10-2013 16.8 83.0 1.3 14.8 0.0 
26-10-2013 16.6 93.5 0.9 6.7 3.0 
25-10-2013 17.8 91.9 1.1 8.1 2.2 
24-10-2013 19.2 86.2 2.1 7.3 0.0 
23-10-2013 18.2 90.2 0.9 9.4 0.2 
22-10-2013 16.3 89.4 1.5 2.0 21.0 
21-10-2013 16.9 70.0 1.1 14.3 0.0 
20-10-2013 19.0 73.0 1.2 13.7 0.0 
19-10-2013 19.7 76.4 1.1 11.9 0.0 
18-10-2013 17.9 71.8 1.9 15.3 0.0 
17-10-2013 19.0 62.8 1.1 10.1 0.0 
16-10-2013 19.1 66.8 0.7 16.8 0.0 
15-10-2013 18.3 73.2 0.5 14.8 0.0 
14-10-2013 17.5 69.4 0.7 14.2 0.0 
13-10-2013 16.3 73.9 0.9 17.0 0.0 
12-10-2013 17.4 74.4 1.9 13.3 0.0 
11-10-2013 20.0 63.3 1.5 18.0 0.0 
10-10-2013 20.2 67.1 0.7 17.6 0.0 
09-10-2013 20.6 65.1 1.1 18.1 0.0 
08-10-2013 20.8 67.9 0.7 18.0 0.0 
07-10-2013 20.9 69.7 0.7 17.4 0.0 
06-10-2013 20.5 66.2 0.7 18.4 0.0 
05-10-2013 20.2 69.7 0.7 18.7 0.0 
04-10-2013 21.8 75.4 1.4 15.0 1.4 
03-10-2013 22.3 81.5 1.3 12.9 0.0 
02-10-2013 21.8 79.1 1.2 16.8 0.2 
01-10-2013 21.4 90.0 1.8 12.4 0.8 
30-09-2013 20.7 97.7 3.5 6.5 14.6 
29-09-2013 20.2 86.4 3.3 12.6 4.8 
28-09-2013 20.1 84.4 3.9 8.9 0.0 
27-09-2013 22.0 76.4 2.0 11.3 5.2 
26-09-2013 22.6 65.4 1.5 18.7 0.0 
25-09-2013 22.9 68.6 1.6 19.7 0.0 
24-09-2013 23.4 67.9 1.2 18.5 0.0 
23-09-2013 24.1 56.8 1.1 20.8 0.0 
22-09-2013 24.1 52.4 1.5 21.3 0.0 
21-09-2013 24.0 53.0 0.9 16.9 0.0 
20-09-2013 23.8 53.5 1.4 21.2 0.0 
19-09-2013 22.3 67.0 1.0 18.7 0.0 
18-09-2013 22.3 70.7 3.0 15.9 0.0 
17-09-2013 23.3 72.6 3.2 15.8 0.0 
16-09-2013 24.8 57.8 2.2 20.6 0.0 
15-09-2013 25.2 55.1 1.9 21.4 0.0 
14-09-2013 25.6 58.9 1.7 18.4 0.0 
13-09-2013 25.1 59.8 1.3 20.7 0.0 
12-09-2013 25.1 50.7 0.9 22.3 0.0 
11-09-2013 25.2 48.2 1.1 22.5 0.0 
10-09-2013 24.1 55.0 0.8 22.4 0.0 
09-09-2013 24.6 52.3 1.1 22.7 0.0 
08-09-2013 23.4 62.4 0.9 21.3 0.0 
07-09-2013 23.0 68.4 2.2 15.9 0.0 
06-09-2013 23.7 68.4 1.8 20.8 0.0 
05-09-2013 24.6 61.9 2.1 21.6 0.0 
04-09-2013 25.2 54.4 1.4 23.6 0.0 
03-09-2013 25.1 56.0 1.1 23.9 0.0 
02-09-2013 25.4 56.1 1.0 23.6 0.0 
01-09-2013 25.3 56.1 1.0 23.5 0.0 
31-08-2013 24.9 60.9 1.3 24.0 0.0 
30-08-2013 23.9 73.1 1.3 23.6 0.0 
29-08-2013 22.2 82.0 2.1 14.3 31.8 
28-08-2013 25.4 61.0 1.7 20.8 0.0 
27-08-2013 24.3 67.9 2.0 24.6 0.0 
26-08-2013 24.7 69.6 3.6 17.5 0.0 
25-08-2013 26.5 55.3 2.7 23.9 0.0 
24-08-2013 27.1 37.1 1.9 25.2 0.0 
23-08-2013 29.0 39.3 1.3 24.4 0.0 
22-08-2013 29.1 41.9 1.8 22.0 0.0 
21-08-2013 30.2 38.1 2.1 25.1 0.0 
20-08-2013 30.6 32.1 1.3 25.9 0.0 
19-08-2013 30.9 30.1 1.2 26.0 0.0 
18-08-2013 28.8 34.6 1.0 26.3 0.0 
17-08-2013 28.4 34.8 1.6 25.5 0.0 
16-08-2013 29.5 42.5 1.5 23.6 0.0 
15-08-2013 29.5 40.6 1.5 26.4 0.0 
14-08-2013 27.7 42.5 1.8 27.2 0.0 
13-08-2013 27.8 38.9 1.5 28.1 0.0 
12-08-2013 28.8 28.6 1.8 28.1 0.0 
11-08-2013 29.3 27.9 1.5 27.7 0.0 
10-08-2013 28.5 33.9 1.0 27.9 0.0 
09-08-2013 27.6 35.2 1.3 28.4 0.0 
08-08-2013 27.4 37.8 1.4 28.6 0.0 
07-08-2013 26.6 42.3 2.5 28.7 0.0 
06-08-2013 27.8 40.8 2.2 27.6 0.0 
05-08-2013 28.7 28.2 1.7 27.8 0.0 
04-08-2013 27.7 29.7 1.6 28.6 0.0 
03-08-2013 28.9 31.2 1.4 27.3 0.0 
02-08-2013 28.9 45.1 2.1 27.2 0.0 
01-08-2013 29.7 30.7 1.6 25.7 0.0 
31-07-2013 28.8 30.7 1.4 29.1 0.0 
30-07-2013 27.3 34.6 1.4 29.5 0.0 
29-07-2013 24.8 45.1 1.1 30.2 0.0 
28-07-2013 23.4 55.7 2.2 24.1 0.0 
27-07-2013 22.5 62.7 3.5 24.2 0.0 
26-07-2013 25.2 60.9 4.6 29.9 0.0 
25-07-2013 28.5 43.6 2.2 29.1 0.0 
24-07-2013 28.5 44.5 1.5 28.9 0.0 
23-07-2013 28.0 54.4 2.3 28.7 0.0 
22-07-2013 28.2 52.9 1.8 28.6 0.0 
21-07-2013 26.6 56.5 2.7 28.7 0.0 
20-07-2013 27.1 56.6 3.0 28.8 0.0 
19-07-2013 28.4 43.2 2.0 29.4 0.0 
18-07-2013 28.6 39.9 1.4 29.3 0.0 
17-07-2013 28.3 38.0 1.4 29.4 0.0 
16-07-2013 27.1 49.6 1.4 29.8 0.0 
15-07-2013 26.6 58.6 1.8 29.1 0.0 
14-07-2013 24.7 64.6 2.4 26.2 0.0 
13-07-2013 23.5 66.4 2.9 28.6 0.0 
12-07-2013 25.2 57.4 2.3 28.2 0.0 
11-07-2013 28.3 34.8 2.2 29.5 0.0 
10-07-2013 30.4 29.6 1.8 28.9 0.0 
09-07-2013 29.4 36.9 1.4 27.6 0.0 
08-07-2013 29.0 34.9 1.3 29.8 0.0 
07-07-2013 29.2 37.1 1.3 29.9 0.0 
06-07-2013 28.5 38.9 1.3 30.3 0.0 
05-07-2013 28.2 43.3 1.5 29.7 0.0 
04-07-2013 29.7 38.0 1.3 29.1 0.0 
03-07-2013 28.0 45.7 1.0 29.1 0.0 
02-07-2013 26.2 54.2 2.4 27.6 0.0 
01-07-2013 27.1 39.5 1.9 29.4 0.0 
30-06-2013 26.8 36.8 1.6 30.0 0.0 
29-06-2013 26.4 36.9 1.5 29.4 0.0 
28-06-2013 25.1 49.8 1.5 29.5 0.0 
27-06-2013 25.3 46.7 1.5 29.7 0.0 
26-06-2013 25.6 49.2 1.6 29.9 0.0 
25-06-2013 26.2 51.3 1.5 30.3 0.0 
24-06-2013 27.2 38.9 1.5 30.2 0.0 
23-06-2013 26.6 39.1 1.1 30.7 0.0 
22-06-2013 25.3 44.5 1.1 30.7 0.0 
21-06-2013 23.5 51.9 1.3 27.4 0.0 
20-06-2013 22.2 57.0 1.3 30.7 0.0 
19-06-2013 19.4 68.6 1.3 27.8 0.0 
18-06-2013 16.6 72.8 2.4 20.0 5.2 
17-06-2013 21.0 54.2 2.5 17.5 0.0 
16-06-2013 26.7 39.7 2.2 30.8 0.0 
15-06-2013 27.5 42.7 1.3 30.4 0.0 
14-06-2013 27.3 49.7 1.2 30.2 0.0 
13-06-2013 27.9 49.3 1.3 30.0 0.0 
12-06-2013 25.9 50.1 1.1 30.2 0.0 
11-06-2013 22.3 59.5 1.0 30.6 0.0 
10-06-2013 20.0 64.8 1.6 28.8 0.0 
09-06-2013 17.0 70.9 1.7 16.5 0.0 
08-06-2013 16.1 69.6 2.2 18.8 0.0 
07-06-2013 18.1 63.4 3.2 20.2 0.2 
06-06-2013 18.9 66.1 3.2 20.0 0.0 
05-06-2013 22.1 59.2 3.3 28.5 0.0 
04-06-2013 23.9 37.3 1.3 30.8 0.0 
03-06-2013 22.7 40.1 1.0 31.0 0.0 
02-06-2013 22.9 37.3 1.6 31.2 0.0 
01-06-2013 20.4 41.4 1.9 31.7 0.0 
31-05-2013 20.1 47.2 1.6 30.9 0.0 
30-05-2013 19.5 50.1 1.6 31.3 0.0 
29-05-2013 17.6 52.2 2.7 31.1 0.0 
28-05-2013 16.4 74.0 2.8 20.8 0.0 
27-05-2013 18.4 63.7 3.8 25.7 0.0 
26-05-2013 18.4 73.6 2.8 23.9 0.0 
25-05-2013 19.0 72.3 2.7 23.7 0.0 
24-05-2013 18.7 73.9 3.0 23.5 0.0 
23-05-2013 19.5 59.9 1.8 28.2 0.0 
22-05-2013 17.7 64.3 1.4 29.5 0.0 
21-05-2013 16.0 67.8 1.4 22.4 0.6 
20-05-2013 14.0 66.7 1.1 25.5 0.0 
19-05-2013 13.1 69.5 2.4 24.3 0.2 
18-05-2013 12.9 73.9 2.9 23.6 0.4 
17-05-2013 12.8 85.7 3.6 11.9 7.0 
16-05-2013 14.3 70.2 2.7 24.4 0.6 
15-05-2013 15.4 81.5 2.8 16.6 3.2 
14-05-2013 20.7 64.5 2.5 25.2 0.0 
13-05-2013 22.5 61.9 1.3 25.9 0.0 
12-05-2013 21.5 55.2 1.2 29.2 0.0 
11-05-2013 21.3 57.8 1.1 27.2 0.0 
10-05-2013 21.5 58.2 1.1 23.1 0.0 
09-05-2013 22.2 54.2 1.8 27.4 0.0 
08-05-2013 21.8 60.1 1.1 21.8 0.0 
07-05-2013 22.4 54.2 1.0 25.1 0.0 
06-05-2013 20.3 58.5 0.9 25.7 0.0 
05-05-2013 18.5 67.7 0.7 28.4 0.0 
04-05-2013 18.2 64.7 0.9 28.2 0.0 
03-05-2013 17.8 60.6 1.1 27.6 0.0 
02-05-2013 15.8 66.9 0.9 28.3 0.0 
01-05-2013 13.1 73.4 1.4 27.1 0.2 
30-04-2013 10.3 85.9 1.0 12.8 0.6 
29-04-2013 8.9 88.2 1.8 12.3 11.6 
28-04-2013 10.5 69.0 2.3 6.7 1.6 
27-04-2013 17.5 66.3 3.8 14.4 0.0 
26-04-2013 19.7 64.7 2.0 22.3 0.0 
25-04-2013 16.7 64.3 1.9 19.2 0.0 
24-04-2013 16.3 62.4 1.9 27.2 0.0 
23-04-2013 17.2 67.3 1.2 25.9 0.0 
22-04-2013 18.2 66.6 0.8 22.1 0.0 
21-04-2013 18.2 70.5 1.4 26.5 0.0 
20-04-2013 18.3 63.2 1.4 24.9 0.0 
19-04-2013 20.7 64.5 0.9 25.8 0.0 
18-04-2013 21.5 66.9 1.2 26.1 0.0 
17-04-2013 21.4 69.5 1.0 26.1 0.2 
16-04-2013 20.4 75.1 0.8 25.6 0.0 
15-04-2013 19.3 78.4 0.8 23.2 0.0 
14-04-2013 19.5 64.6 1.3 25.2 0.0 
13-04-2013 16.9 70.2 1.0 25.8 0.0 
12-04-2013 16.7 72.5 1.0 24.0 0.0 
11-04-2013 15.5 85.8 2.3 16.1 0.0 
10-04-2013 15.2 88.4 1.4 14.8 0.0 
09-04-2013 14.2 84.5 2.0 17.6 0.0 
08-04-2013 13.3 80.7 1.5 23.2 0.0 
07-04-2013 11.4 77.3 1.0 23.4 0.0 
06-04-2013 10.7 63.3 1.6 23.1 0.0 
05-04-2013 12.7 79.0 1.7 15.5 5.4 
04-04-2013 12.3 88.0 1.6 16.1 1.6 
03-04-2013 10.9 95.9 1.6 7.9 23.8 
02-04-2013 12.8 84.6 2.0 23.7 1.2 
01-04-2013 13.6 88.2 3.0 19.2 5.2 
31-03-2013 14.4 98.7 2.8 3.4 36.0 
30-03-2013 16.4 83.5 2.9 22.9 4.8 
29-03-2013 14.3 96.2 3.8 5.3 4.0 
28-03-2013 14.9 88.1 2.5 19.2 14.2 
27-03-2013 14.4 93.2 3.2 14.2 15.4 
26-03-2013 14.3 93.6 4.2 7.1 6.8 
25-03-2013 11.2 95.3 2.4 9.2 1.2 
24-03-2013 11.1 86.4 2.5 18.9 0.0 
23-03-2013 11.1 93.0 1.5 10.3 8.2 
22-03-2013 10.7 94.2 1.4 7.9 8.8 
21-03-2013 13.1 78.8 1.6 21.3 0.0 
20-03-2013 12.0 82.8 2.7 21.8 0.0 
19-03-2013 8.9 98.4 1.7 4.2 37.6 
18-03-2013 11.1 78.8 1.3 22.4 0.0 
17-03-2013 13.3 90.1 2.0 9.0 3.8 
16-03-2013 12.9 71.0 1.5 14.3 0.0 
15-03-2013 9.3 71.6 1.5 20.3 0.2 
14-03-2013 7.6 72.0 1.0 21.4 0.0 
13-03-2013 9.1 67.6 2.8 19.6 0.0 
12-03-2013 9.7 100.0 1.9 3.3 27.2 
11-03-2013 11.4 93.1 3.5 12.1 1.2 
10-03-2013 11.6 89.0 2.7 14.6 11.4 
09-03-2013 13.3 91.9 2.4 8.8 19.8 
08-03-2013 15.0 92.2 4.3 11.8 10.8 
07-03-2013 15.5 95.2 5.1 4.8 27.2 
06-03-2013 13.9 95.5 3.1 8.9 7.2 
05-03-2013 11.9 98.4 1.7 5.6 17.2 
04-03-2013 11.9 85.2 2.1 4.6 3.4 
03-03-2013 11.5 80.2 1.1 12.0 0.0 
02-03-2013 9.4 82.7 1.2 13.4 0.0 
01-03-2013 8.5 81.8 2.2 16.7 0.0 
28-02-2013 5.5 92.4 2.0 7.7 15.4 
27-02-2013 7.0 73.6 1.4 12.8 2.2 
26-02-2013 6.8 68.0 2.3 18.7 0.0 
25-02-2013 6.6 72.1 1.4 18.2 0.0 
24-02-2013 6.7 73.3 1.8 17.6 0.0 
23-02-2013 9.8 78.5 2.0 13.0 3.0 
22-02-2013 11.4 95.6 2.8 6.3 8.8 
21-02-2013 10.4 98.5 0.9 2.4 30.6 
20-02-2013 11.0 89.6 1.6 15.4 4.6 
19-02-2013 11.0 98.9 1.5 3.4 13.4 
18-02-2013 12.0 91.9 1.6 9.7 5.2 
17-02-2013 11.2 90.2 0.9 5.8 0.6 
16-02-2013 10.0 86.0 1.4 14.4 0.2 
15-02-2013 10.2 82.5 0.8 15.6 0.0 
14-02-2013 10.3 83.2 1.2 15.1 0.2 
13-02-2013 7.4 88.5 0.7 10.9 0.0 
12-02-2013 7.1 76.5 1.6 14.6 0.0 
11-02-2013 8.9 73.8 3.6 12.1 1.8 
10-02-2013 6.8 80.1 2.2 13.7 0.0 
09-02-2013 7.7 63.6 1.3 15.2 0.0 
08-02-2013 6.9 73.0 0.9 14.6 0.2 
07-02-2013 8.0 65.4 1.4 14.8 0.0 
06-02-2013 9.2 71.8 2.4 14.3 0.2 
05-02-2013 9.0 83.4 1.0 13.8 0.0 
04-02-2013 7.7 76.9 1.3 14.2 0.0 
03-02-2013 8.1 67.6 1.5 14.1 0.0 
02-02-2013 11.4 69.0 3.5 14.0 0.8 
01-02-2013 9.8 90.9 1.7 13.3 0.2 
31-01-2013 10.0 83.2 1.2 13.7 0.2 
30-01-2013 8.5 84.1 0.8 13.1 0.2 
29-01-2013 7.7 84.9 1.2 13.2 0.2 
28-01-2013 8.5 89.6 1.0 9.8 0.2 
27-01-2013 11.6 94.1 2.4 5.6 1.6 
26-01-2013 11.0 97.6 1.4 6.4 0.0 
25-01-2013 8.9 97.6 0.8 3.4 4.2 
24-01-2013 10.9 96.4 3.1 4.9 1.0 
23-01-2013 8.3 79.4 3.0 8.5 0.8 
22-01-2013 5.8 92.6 2.0 4.0 3.8 
21-01-2013 9.5 81.5 2.2 10.7 0.0 
20-01-2013 8.5 87.3 3.2 5.0 13.6 
19-01-2013 11.7 83.0 7.6 3.9 18.0 
18-01-2013 13.4 97.5 4.2 1.4 2.8 
17-01-2013 12.2 88.9 2.6 9.4 0.0 
16-01-2013 8.6 95.4 2.9 2.0 4.4 
15-01-2013 5.9 88.3 1.5 11.5 0.0 
14-01-2013 6.6 84.6 1.0 11.3 0.2 
13-01-2013 9.4 85.7 2.2 10.1 4.0 
12-01-2013 8.9 97.5 1.1 4.7 0.2 
11-01-2013 11.3 87.7 1.1 10.4 0.0 
10-01-2013 10.5 89.8 0.6 8.8 0.0 
09-01-2013 7.5 86.2 1.3 8.3 0.0 
08-01-2013 5.8 88.1 1.1 8.8 0.2 
07-01-2013 5.6 92.3 0.7 10.7 0.0 
06-01-2013 5.6 90.8 0.6 10.8 0.2 
05-01-2013 6.5 88.6 1.0 10.7 0.2 
04-01-2013 7.6 79.3 1.8 10.9 0.0 
03-01-2013 7.9 76.3 2.0 10.9 0.0 
02-01-2013 6.4 92.0 1.0 9.6 0.2 
01-01-2013 7.8 98.4 0.6 3.6 5.6 
31-12-2012 6.2 91.6 1.1 9.1 0.2 
30-12-2012 6.3 90.1 0.9 9.9 0.2 
29-12-2012 7.1 88.9 0.9 9.1 0.2 
28-12-2012 7.3 85.2 1.8 10.8 0.2 
27-12-2012 6.6 90.2 0.9 10.6 0.2 
26-12-2012 7.4 91.7 0.5 10.1 0.2 
25-12-2012 10.2 91.8 2.4 3.8 1.6 
24-12-2012 11.1 88.0 1.5 10.2 0.2 
23-12-2012 11.6 91.2 1.3 9.5 0.2 
22-12-2012 12.4 91.9 1.3 10.1 0.0 
21-12-2012 12.7 94.5 0.8 8.3 0.0 
20-12-2012 11.8 100.0 0.4 1.3 0.6 
19-12-2012 11.1 98.3 1.6 7.0 0.0 
18-12-2012 14.1 90.8 0.5 5.5 0.0 
17-12-2012 0.0 0.0 0.0 0.0 0.0 
16-12-2012 14.5 92.6 1.4 6.3 0.0 
15-12-2012 0.0 0.0 0.0 0.0 0.0 
14-12-2012 12.8 93.2 3.5 3.1 0.8 
13-12-2012 8.8 93.6 1.0 8.1 0.0 
12-12-2012 7.3 91.5 1.1 8.7 0.2 
11-12-2012 6.4 92.2 0.5 9.9 0.2 
10-12-2012 7.0 88.4 0.9 7.5 0.0 
09-12-2012 7.9 81.5 1.9 10.5 0.0 
08-12-2012 10.8 92.0 1.4 9.9 0.0 
07-12-2012 9.5 99.9 1.4 3.1 13.2 
06-12-2012 6.9 92.2 1.4 4.9 0.0 
05-12-2012 7.8 89.7 1.0 8.4 0.2 
04-12-2012 5.0 97.3 0.7 4.9 0.6 
03-12-2012 4.8 84.9 0.6 10.9 0.0 
02-12-2012 4.5 82.4 1.3 11.4 0.2 
01-12-2012 5.6 79.2 1.0 11.1 0.2 
30-11-2012 5.6 95.7 0.7 4.4 5.0 
29-11-2012 6.6 83.8 0.9 10.1 0.0 
28-11-2012 7.0 83.3 1.6 11.5 0.0 
27-11-2012 8.0 85.1 2.1 11.2 0.4 
26-11-2012 12.1 95.7 0.8 3.7 2.8 
25-11-2012 14.0 90.0 1.1 8.2 0.0 
24-11-2012 13.2 88.2 1.6 6.0 0.0 
23-11-2012 12.9 90.4 1.1 10.3 0.2 
22-11-2012 14.4 90.3 1.0 8.3 0.2 
21-11-2012 13.7 94.6 1.0 4.1 0.0 
20-11-2012 13.8 92.6 0.9 10.5 0.2 
19-11-2012 11.9 95.4 0.8 10.9 0.2 
18-11-2012 14.1 90.5 1.5 8.4 2.4 
17-11-2012 14.1 97.3 2.1 5.0 23.2 
16-11-2012 14.9 83.0 1.4 11.6 0.2 
15-11-2012 14.6 84.7 1.1 12.1 0.0 
14-11-2012 13.7 81.8 1.1 11.9 0.0 
13-11-2012 12.6 77.3 1.3 12.9 0.0 
12-11-2012 13.6 68.6 2.1 12.7 0.0 
11-11-2012 12.4 72.8 2.2 8.9 0.2 
10-11-2012 12.9 95.4 1.8 11.4 2.0 
09-11-2012 14.6 97.9 1.1 4.5 25.4 
08-11-2012 15.1 97.4 2.1 3.2 48.6 
07-11-2012 14.5 94.5 1.8 5.0 9.4 
06-11-2012 12.6 92.2 2.2 3.5 7.8 
05-11-2012 14.0 74.0 0.9 9.4 0.2 
04-11-2012 18.8 96.1 4.1 3.3 23.4 
03-11-2012 19.0 98.2 3.9 4.9 47.8 
02-11-2012 15.1 89.0 1.0 7.7 7.4 
01-11-2012 14.3 88.6 1.5 12.7 0.2 
31-10-2012 12.1 94.0 1.0 9.8 0.0 
30-10-2012 12.5 98.8 1.2 2.0 8.4 
29-10-2012 12.2 77.7 1.5 11.8 0.0 
28-10-2012 12.4 59.9 3.4 16.2 0.0 
27-10-2012 16.7 90.9 2.5 7.0 0.0 
26-10-2012 16.4 97.4 2.0 7.6 14.6 
25-10-2012 16.0 98.6 1.4 3.3 39.8 
24-10-2012 17.6 89.9 1.2 3.8 5.8 
23-10-2012 19.6 77.2 1.5 14.9 0.0 
22-10-2012 17.6 90.8 1.8 10.5 0.8 
21-10-2012 14.6 86.1 2.0 13.9 1.8 
20-10-2012 14.9 80.7 1.4 11.1 0.0 
19-10-2012 15.2 85.1 1.3 7.7 0.8 
18-10-2012 18.1 77.3 2.4 12.1 0.0 
17-10-2012 17.7 61.1 1.5 16.7 0.0 
16-10-2012 16.1 62.3 1.0 17.2 0.0 
15-10-2012 17.0 55.2 1.5 17.2 0.0 
14-10-2012 18.7 71.9 2.0 16.8 0.0 
13-10-2012 18.7 63.5 1.2 17.6 0.0 
12-10-2012 20.4 77.2 2.0 14.2 0.0 
11-10-2012 21.9 77.7 2.5 13.3 0.0 
10-10-2012 23.1 69.7 1.8 15.7 0.0 
09-10-2012 23.3 65.5 1.0 17.5 0.0 
08-10-2012 21.9 69.8 0.8 17.9 0.0 
07-10-2012 21.1 73.2 0.9 18.4 0.0 
06-10-2012 21.2 78.9 0.8 17.0 0.0 
05-10-2012 20.5 72.7 1.3 18.3 0.0 
04-10-2012 20.6 69.8 1.1 19.5 0.2 
03-10-2012 20.0 75.6 1.0 18.1 0.0 
02-10-2012 19.9 77.9 1.0 18.9 0.2 
01-10-2012 19.0 79.1 1.0 18.6 0.2 
30-09-2012 18.6 79.3 1.2 19.8 0.2 
29-09-2012 16.9 95.8 0.8 8.6 12.8 
28-09-2012 16.1 100.0 1.2 1.7 56.4 
27-09-2012 17.1 96.6 1.9 3.2 27.4 
26-09-2012 18.0 86.2 1.7 7.0 3.2 
25-09-2012 18.8 67.5 3.3 12.8 0.0 
24-09-2012 19.6 64.3 1.6 18.8 0.0 
23-09-2012 22.6 69.9 3.1 17.9 0.0 
22-09-2012 25.2 64.0 1.8 20.3 0.0 
21-09-2012 24.9 66.1 1.6 19.8 0.0 
20-09-2012 24.8 61.6 1.5 17.3 0.0 
19-09-2012 24.6 66.6 1.8 17.4 0.0 
18-09-2012 24.1 44.6 1.9 11.3 0.0 
17-09-2012 24.1 52.1 0.9 19.8 0.0 
16-09-2012 24.8 37.9 1.8 22.7 0.0 
15-09-2012 25.4 29.2 1.3 22.5 0.0 
14-09-2012 24.2 30.2 1.1 23.5 0.0 
13-09-2012 26.2 37.0 1.8 21.6 0.0 
12-09-2012 26.6 34.2 1.3 22.2 0.0 
11-09-2012 24.8 50.2 1.1 22.6 0.0 
10-09-2012 24.1 61.7 1.8 21.3 0.0 
09-09-2012 24.0 62.5 2.9 22.8 0.0 
08-09-2012 26.6 56.9 2.4 22.4 0.0 
07-09-2012 26.5 53.5 1.9 18.3 0.0 
06-09-2012 26.8 44.3 1.9 22.2 0.0 
05-09-2012 25.4 40.2 1.6 23.4 0.0 
04-09-2012 24.1 38.8 1.1 24.2 0.0 
03-09-2012 24.8 45.8 1.0 24.0 0.0 
02-09-2012 25.4 25.8 1.7 24.9 0.0 
01-09-2012 25.6 30.1 1.6 22.3 0.0 
31-08-2012 26.0 43.0 1.3 22.1 0.0 
30-08-2012 24.9 40.1 1.2 20.5 0.0 
29-08-2012 26.9 43.0 2.2 24.5 0.0 
28-08-2012 26.3 40.6 1.4 25.4 0.0 
27-08-2012 25.5 40.5 2.0 23.3 0.0 
26-08-2012 27.1 46.5 1.7 25.5 0.0 
25-08-2012 26.8 53.4 2.1 24.7 0.0 
24-08-2012 26.1 52.0 2.8 26.0 0.0 
23-08-2012 27.7 37.5 2.6 25.9 0.0 
22-08-2012 31.4 32.8 2.0 25.3 0.0 
21-08-2012 32.0 36.3 1.5 24.4 0.0 
20-08-2012 31.8 35.5 1.3 23.6 0.0 
19-08-2012 31.5 30.6 1.7 20.9 0.0 
18-08-2012 29.8 44.9 1.6 18.8 0.0 
17-08-2012 29.6 37.1 2.1 25.1 0.0 
16-08-2012 27.8 48.8 1.2 26.0 0.0 
15-08-2012 25.3 60.0 2.7 25.5 0.0 
14-08-2012 24.8 57.9 2.4 27.5 0.0 
13-08-2012 25.6 47.8 2.7 26.8 0.0 
12-08-2012 28.5 28.7 2.9 23.7 0.0 
11-08-2012 33.2 24.1 1.8 24.3 0.0 
10-08-2012 33.2 31.6 2.0 24.5 0.0 
09-08-2012 32.8 41.2 2.1 24.6 0.0 
08-08-2012 29.2 53.2 1.2 20.8 0.0 
07-08-2012 27.1 36.1 2.1 27.3 0.0 
06-08-2012 25.0 37.8 1.1 28.7 0.0 
05-08-2012 25.8 44.5 3.8 28.7 0.0 
04-08-2012 28.5 34.3 2.3 28.5 0.0 
03-08-2012 28.0 33.2 2.0 29.0 0.0 
02-08-2012 29.1 33.8 1.6 26.3 0.0 
01-08-2012 29.6 27.0 1.8 25.8 0.0 
31-07-2012 28.5 33.9 2.3 26.7 0.0 
30-07-2012 28.4 34.2 1.8 28.0 0.0 
29-07-2012 26.7 44.5 1.3 29.1 0.0 
28-07-2012 24.7 60.3 2.4 26.4 0.0 
27-07-2012 23.0 65.3 3.5 25.9 0.0 
26-07-2012 25.2 63.9 3.8 26.1 0.0 
25-07-2012 28.0 49.0 1.9 22.1 2.0 
24-07-2012 27.8 53.2 2.6 27.7 0.0 
23-07-2012 27.3 49.7 3.6 28.4 0.0 
22-07-2012 29.4 39.7 2.6 28.5 0.0 
21-07-2012 29.5 32.3 1.9 29.2 0.0 
20-07-2012 28.8 33.1 2.3 28.6 0.0 
19-07-2012 30.2 26.0 1.8 28.8 0.0 
18-07-2012 29.9 29.2 1.2 29.2 0.0 
17-07-2012 28.9 50.2 1.7 29.3 0.0 
16-07-2012 28.5 53.0 1.7 28.6 0.0 
15-07-2012 27.7 23.0 1.2 30.8 0.0 
14-07-2012 28.9 31.4 2.2 30.1 0.0 
13-07-2012 28.5 28.9 1.8 28.5 0.0 
12-07-2012 27.3 31.5 1.6 31.1 0.0 
11-07-2012 25.3 41.6 1.9 30.9 0.0 
10-07-2012 24.8 46.7 2.3 31.7 0.0 
09-07-2012 25.3 43.9 2.3 30.4 0.0 
08-07-2012 27.1 39.5 2.3 31.0 0.0 
07-07-2012 27.6 40.0 1.9 30.6 0.0 
06-07-2012 24.9 48.3 1.6 31.1 0.0 
05-07-2012 25.9 41.4 3.6 30.9 0.0 
04-07-2012 27.9 32.1 2.6 30.4 0.0 
03-07-2012 27.4 31.2 1.6 29.5 0.0 
02-07-2012 26.8 25.7 1.7 29.9 0.0 
01-07-2012 25.4 29.0 1.6 30.3 0.0 
30-06-2012 24.1 42.6 2.3 30.2 0.0 
29-06-2012 26.1 47.2 2.8 30.3 0.0 
28-06-2012 29.8 49.1 2.2 26.7 0.0 
27-06-2012 31.8 43.4 1.9 23.8 0.0 
26-06-2012 31.3 47.7 1.6 24.7 0.0 
25-06-2012 29.8 49.3 1.0 18.4 0.0 
24-06-2012 30.6 52.1 1.1 29.7 0.0 
23-06-2012 28.4 43.2 1.4 30.3 0.0 
22-06-2012 26.7 55.7 2.0 31.1 0.0 
21-06-2012 23.5 55.8 1.8 28.8 0.0 
20-06-2012 22.6 43.8 2.5 31.0 0.0 
19-06-2012 25.6 39.4 2.8 23.6 0.0 
18-06-2012 28.3 48.6 1.6 25.0 0.0 
17-06-2012 28.4 47.4 1.6 28.6 0.0 
16-06-2012 28.3 45.6 2.0 30.9 0.0 
15-06-2012 25.9 48.0 1.3 30.9 0.0 
14-06-2012 25.1 34.8 1.7 30.7 0.0 
13-06-2012 25.0 31.4 1.8 31.1 0.0 
12-06-2012 23.1 35.7 1.8 31.7 0.0 
11-06-2012 24.7 41.5 3.0 30.2 0.0 
10-06-2012 25.6 48.3 2.2 30.4 0.0 
09-06-2012 22.6 45.2 1.7 28.8 0.0 
08-06-2012 22.5 51.8 2.2 26.8 0.0 
07-06-2012 25.2 51.3 2.9 28.0 0.0 
06-06-2012 26.9 52.0 1.6 30.8 0.0 
05-06-2012 25.9 54.2 1.5 30.8 0.0 
04-06-2012 24.9 58.8 1.5 29.9 0.0 
03-06-2012 23.8 61.9 1.9 25.1 0.0 
02-06-2012 22.2 70.0 2.8 21.7 0.0 
01-06-2012 25.9 46.2 2.5 28.8 0.0 
31-05-2012 27.5 36.3 1.3 23.5 0.0 
30-05-2012 24.8 38.4 1.0 22.7 0.0 
29-05-2012 23.8 42.8 1.2 27.8 0.0 
28-05-2012 24.7 35.1 1.4 29.8 0.0 
27-05-2012 23.6 32.5 1.4 28.9 0.0 
26-05-2012 22.8 42.2 1.8 30.5 0.0 
25-05-2012 23.3 42.9 1.9 27.7 0.0 
24-05-2012 24.3 42.4 1.3 29.3 0.0 
23-05-2012 22.7 50.2 1.3 30.4 0.0 
22-05-2012 19.3 60.8 1.1 29.8 0.0 
21-05-2012 15.4 68.0 2.3 29.4 0.0 
20-05-2012 13.3 77.0 2.4 17.4 12.2 
19-05-2012 18.2 69.0 3.5 18.2 5.2 
18-05-2012 22.0 62.5 3.7 24.2 0.0 
17-05-2012 25.1 46.6 1.1 23.0 0.0 
16-05-2012 26.1 40.5 1.8 26.3 0.0 
15-05-2012 26.0 42.3 1.2 28.9 0.0 
14-05-2012 27.3 43.2 1.6 27.4 0.2 
13-05-2012 26.5 47.3 1.0 23.3 0.0 
12-05-2012 25.5 46.9 1.1 26.1 0.0 
11-05-2012 24.7 49.1 1.3 28.0 0.0 
10-05-2012 24.9 46.7 1.7 28.3 0.0 
09-05-2012 23.8 43.3 1.8 28.3 0.0 
08-05-2012 20.0 70.5 1.1 23.3 0.2 
07-05-2012 17.2 74.4 1.1 28.1 0.0 
06-05-2012 15.6 77.8 1.4 28.6 0.2 
05-05-2012 13.8 98.0 1.2 4.6 56.4 
04-05-2012 15.5 82.8 3.5 17.0 9.7 
03-05-2012 14.3 84.0 1.6 14.8 5.7 
02-05-2012 14.7 71.0 1.5 27.2 0.0 
01-05-2012 13.5 78.7 1.4 19.3 1.9 
30-04-2012 12.3 81.1 2.1 22.9 2.3 
29-04-2012 10.4 88.8 1.4 7.0 10.5 
28-04-2012 12.9 84.0 3.1 12.4 7.0 
27-04-2012 17.1 74.0 2.0 9.9 0.2 
26-04-2012 17.4 66.0 2.5 25.2 0.2 
25-04-2012 15.4 65.9 3.2 27.6 0.0 
24-04-2012 16.7 52.4 1.9 28.0 0.0 
23-04-2012 16.3 55.0 2.1 27.7 0.0 
22-04-2012 17.4 57.2 2.2 26.5 0.0 
21-04-2012 17.0 64.9 1.5 23.0 0.0 
20-04-2012 15.6 61.9 2.4 17.8 0.0 
19-04-2012 15.3 63.3 3.9 14.4 0.0 
18-04-2012 14.6 57.8 3.1 23.1 0.2 
17-04-2012 13.7 56.2 1.9 26.9 0.0 
16-04-2012 13.4 40.3 2.2 27.1 0.0 
15-04-2012 12.5 52.2 2.8 21.9 0.0 
14-04-2012 13.8 70.5 4.6 14.9 4.9 
13-04-2012 14.6 53.2 3.3 16.6 0.0 
12-04-2012 14.0 66.8 2.1 15.4 0.4 
11-04-2012 15.5 59.1 2.0 25.7 0.0 
10-04-2012 16.1 61.6 3.4 22.6 0.0 
09-04-2012 17.4 51.1 1.6 25.5 0.0 
08-04-2012 13.3 62.8 1.3 25.9 0.2 
07-04-2012 11.8 74.8 1.4 22.6 0.0 
06-04-2012 9.5 83.7 1.9 15.3 1.7 
05-04-2012 12.8 74.2 2.9 15.0 1.3 
04-04-2012 13.6 77.8 2.2 11.0 0.4 
03-04-2012 13.9 89.5 1.6 11.1 4.6 
02-04-2012 14.9 79.5 2.1 14.8 0.0 
01-04-2012 15.0 73.8 1.7 21.3 0.0 
31-03-2012 14.3 74.3 1.4 14.9 0.2 
30-03-2012 14.9 61.0 1.8 18.3 0.0 
29-03-2012 14.1 55.4 1.5 20.3 0.0 
28-03-2012 16.4 44.9 2.4 22.9 0.0 
27-03-2012 15.2 54.7 2.2 22.6 0.0 
26-03-2012 16.0 58.6 1.0 22.1 0.0 
25-03-2012 15.6 63.1 1.3 14.8 0.0 
24-03-2012 15.7 57.6 1.2 9.4 0.0 
23-03-2012 15.5 48.2 1.3 20.6 0.0 
22-03-2012 12.4 51.8 2.1 22.6 0.0 
21-03-2012 10.0 66.9 1.0 16.3 0.0 
20-03-2012 10.4 60.0 3.4 16.9 0.4 
19-03-2012 13.1 37.1 2.6 22.3 0.0 
18-03-2012 13.1 57.8 1.4 21.1 0.0 
17-03-2012 12.6 82.9 1.3 15.6 0.0 
16-03-2012 11.0 87.5 1.0 9.7 1.7 
15-03-2012 14.2 48.6 1.3 18.2 0.0 
14-03-2012 15.8 38.9 1.2 20.6 0.0 
13-03-2012 13.8 49.2 1.2 20.5 0.0 
12-03-2012 12.8 53.2 1.1 20.2 0.0 
11-03-2012 11.8 55.5 1.0 19.8 0.0 
10-03-2012 11.9 57.9 1.3 19.4 0.0 
09-03-2012 13.1 39.9 1.5 19.9 0.0 
08-03-2012 10.3 51.7 1.0 17.1 0.0 
07-03-2012 10.4 41.9 1.8 19.7 0.0 
06-03-2012 11.4 51.2 1.3 17.6 0.0 
05-03-2012 13.6 64.0 1.2 18.5 0.0 
04-03-2012 12.0 72.5 1.1 17.7 0.0 
03-03-2012 12.0 78.9 1.0 14.1 0.0 
02-03-2012 11.4 84.4 1.4 11.8 0.8 
01-03-2012 10.5 72.5 1.5 15.0 0.8 
29-02-2012 11.9 60.3 0.9 17.3 0.0 
28-02-2012 12.8 53.9 0.9 16.5 0.0 
27-02-2012 12.0 51.2 1.1 16.6 0.0 
26-02-2012 9.3 65.4 1.1 14.8 0.0 
25-02-2012 9.1 47.0 1.2 17.4 0.0 
24-02-2012 8.8 44.4 1.1 17.7 0.0 
23-02-2012 7.8 46.8 1.4 17.6 0.0 
22-02-2012 7.0 48.6 1.3 17.0 0.0 
21-02-2012 6.4 50.0 1.0 17.1 0.0 
20-02-2012 8.4 52.0 1.5 16.8 0.0 
19-02-2012 7.2 66.3 0.7 16.1 0.0 
18-02-2012 7.9 66.1 1.4 16.0 0.0 
17-02-2012 7.1 66.6 1.2 14.2 0.0 
16-02-2012 5.9 61.0 1.4 15.0 0.0 
15-02-2012 6.8 51.0 2.1 16.1 0.0 
14-02-2012 4.5 53.8 1.1 14.3 0.0 
13-02-2012 3.1 39.1 2.0 16.0 0.0 
12-02-2012 2.6 36.7 2.1 16.0 0.0 
11-02-2012 4.8 46.0 1.8 15.6 0.0 
10-02-2012 3.5 63.2 0.9 14.7 0.0 
09-02-2012 3.0 53.9 1.6 14.8 0.0 
08-02-2012 5.0 44.4 2.3 14.0 0.0 
07-02-2012 8.7 73.6 1.5 14.0 0.0 
06-02-2012 9.0 70.5 1.3 13.6 0.0 
05-02-2012 4.1 57.5 1.9 13.7 0.0 
04-02-2012 3.9 38.3 2.5 14.5 0.0 
03-02-2012 4.6 38.7 2.1 14.3 0.0 
02-02-2012 7.7 65.5 2.1 10.3 1.7 
01-02-2012 6.8 71.7 1.1 13.1 0.0 
31-01-2012 5.9 67.1 1.1 13.4 0.0 
30-01-2012 5.2 65.7 1.4 13.4 0.0 
29-01-2012 7.0 71.0 1.5 13.1 0.0 
28-01-2012 8.4 81.8 1.0 12.2 0.2 
27-01-2012 8.9 86.6 1.2 7.9 0.0 
26-01-2012 7.4 85.4 0.8 11.8 0.2 
25-01-2012 6.4 88.8 0.9 10.5 0.2 
24-01-2012 6.9 92.2 1.1 6.4 0.0 
23-01-2012 7.3 87.1 0.8 11.3 0.2 
22-01-2012 7.1 83.7 0.8 11.9 0.2 
21-01-2012 7.6 84.5 0.9 11.8 0.0 
20-01-2012 6.7 85.0 1.2 11.0 0.2 
19-01-2012 7.2 84.7 1.2 11.6 0.8 
18-01-2012 8.4 81.9 1.3 11.7 0.0 
17-01-2012 8.0 79.8 1.5 11.5 0.0 
16-01-2012 6.8 91.6 1.0 5.0 4.8 
15-01-2012 5.6 97.4 1.0 1.9 6.3 
14-01-2012 7.2 86.4 0.6 7.3 0.0 
13-01-2012 8.2 83.4 0.9 10.3 0.0 
12-01-2012 7.0 80.1 1.5 3.7 0.0 
11-01-2012 6.3 77.5 0.8 10.8 0.2 
10-01-2012 6.7 77.9 1.1 10.0 0.0 
09-01-2012 5.8 80.0 1.0 11.2 0.0 
08-01-2012 7.1 81.0 1.2 10.8 0.2 
07-01-2012 10.2 72.6 1.8 10.7 0.0 
06-01-2012 7.8 78.1 1.0 10.3 0.0 
05-01-2012 9.2 77.5 1.0 10.5 0.0 
04-01-2012 7.0 80.6 1.3 10.9 0.2 
03-01-2012 6.8 87.3 1.1 10.2 0.2 
02-01-2012 8.2 90.8 0.8 6.8 0.0 
01-01-2012 6.4 81.6 0.7 10.0 0.0 

